data/largerLV/patterns/g10, data/largerLV/targets/g100, 18, 301275395, 191423638, 81614937, 1800.121800, 1378.152473, 1800108, 1378142
data/largerLV/patterns/g10, data/largerLV/targets/g101, 27, 377080591, 309480529, 244801402, 1800.054962, 200.830726, 1800040, 200829
data/largerLV/patterns/g10, data/largerLV/targets/g104, 29, 385870046, 313264492, 250412837, 1800.114136, 101.196619, 1800101, 101195
data/largerLV/patterns/g10, data/largerLV/targets/g103, 27, 346125622, 313021787, 281465064, 1800.050696, 110.449919, 1800042, 110449
data/largerLV/patterns/g10, data/largerLV/targets/g105, 29, 259760169, 230801879, 201827588, 1800.111721, 124.067321, 1800103, 124066
data/largerLV/patterns/g10, data/largerLV/targets/g107, 30, 214516487, 152957941, 91926055, 1800.205691, 1542.665935, 1800191, 1542653
data/largerLV/patterns/g10, data/largerLV/targets/g106, 32, 178609351, 138161511, 98870490, 1800.213768, 17.726352, 1800198, 17726
data/largerLV/patterns/g10, data/largerLV/targets/g108, 31, 173297038, 125337130, 77458285, 1800.231219, 174.035190, 1800218, 174033
data/largerLV/patterns/g10, data/largerLV/targets/g109, 28, 163937652, 123205834, 84128831, 1800.247141, 0.436817, 1800235, 436
data/largerLV/patterns/g10, data/largerLV/targets/g110, 32, 146844415, 135526494, 124210242, 1800.294445, 0.541334, 1800285, 541
data/largerLV/patterns/g10, data/largerLV/targets/g102, 26, 978364713, 849798492, 726157186, 1800.050603, 422.425742, 1800041, 422423
data/largerLV/patterns/g10, data/largerLV/targets/g52, 27, 2696094795, 2579175664, 2470949783, 1800.008001, 4.600172, 1800000, 4600
data/largerLV/patterns/g10, data/largerLV/targets/g56, 32, 1572438476, 1231593659, 922203152, 1800.008720, 1.353029, 1800000, 1352
data/largerLV/patterns/g10, data/largerLV/targets/g55, 30, 1696577614, 1363858666, 1045716917, 1800.007844, 17.077128, 1800000, 17077
data/largerLV/patterns/g10, data/largerLV/targets/g53, 25, 2554114062, 1855428135, 1160994314, 1800.006447, 24.599575, 1800000, 24599
data/largerLV/patterns/g10, data/largerLV/targets/g51, 29, 1945230535, 1786106568, 1668975411, 1800.009071, 118.693808, 1800000, 118693
data/largerLV/patterns/g10, data/largerLV/targets/g58, 28, 1337351442, 1133949566, 938228795, 1800.007481, 2.858653, 1800001, 2858
data/largerLV/patterns/g10, data/largerLV/targets/g57, 19, 874702354, 800968019, 734585902, 1800.010678, 1.611767, 1800002, 1611
data/largerLV/patterns/g10, data/largerLV/targets/g111, 32, 140842855, 108988921, 78047444, 1800.332523, 22.526400, 1800318, 22526
data/largerLV/patterns/g10, data/largerLV/targets/g112, 34, 100320281, 84572742, 69570084, 1800.449815, 62.717592, 1800435, 62717
data/largerLV/patterns/g10, data/largerLV/targets/g54, 31, 1633353120, 1269554471, 932546170, 1800.008039, 237.451616, 1800000, 237450
data/largerLV/patterns/g10, data/largerLV/targets/g58-normed, 28, 1331767144, 1129218957, 934322309, 1800.008803, 2.861899, 1800001, 2861
data/largerLV/patterns/g10, data/largerLV/targets/g60, 30, 1361343678, 1260566636, 1176403667, 1800.007454, 929.481553, 1800001, 929478
data/largerLV/patterns/g10, data/largerLV/targets/g63, 35, 1331140951, 903829661, 479903684, 1800.008851, 1339.205848, 1800001, 1339200
data/largerLV/patterns/g10, data/largerLV/targets/g59-normed, 27, 1273879445, 1080468199, 894579423, 1800.008133, 3.366463, 1800001, 3366
data/largerLV/patterns/g10, data/largerLV/targets/g65, 31, 1250553348, 1043476529, 875444521, 1800.010269, 1494.450543, 1800001, 1494443
data/largerLV/patterns/g10, data/largerLV/targets/g61, 28, 1329814388, 964710358, 603484864, 1800.008353, 181.376944, 1800002, 181376
data/largerLV/patterns/g10, data/largerLV/targets/g59, 27, 1277244287, 1083272543, 896843255, 1800.006400, 3.361920, 1800001, 3361
data/largerLV/patterns/g10, data/largerLV/targets/g64, 28, 2453280604, 2118661855, 1786200256, 1800.009369, 0.442920, 1800002, 442
data/largerLV/patterns/g10, data/largerLV/targets/g60-normed, 30, 1361034251, 1260283341, 1176138622, 1800.007988, 929.625702, 1800001, 929621
data/largerLV/patterns/g10, data/largerLV/targets/g62, 29, 1344288500, 1271998359, 1217388295, 1800.008197, 9.293554, 1800001, 9293
data/largerLV/patterns/g10, data/largerLV/targets/g70, 32, 757377338, 606595196, 478660401, 1800.010773, 25.918732, 1800002, 25918
data/largerLV/patterns/g10, data/largerLV/targets/g72, 26, 461206307, 456845840, 453945951, 1800.010081, 243.049422, 1800002, 243048
data/largerLV/patterns/g10, data/largerLV/targets/g71, 33, 978821127, 775497075, 575020002, 1800.010975, 247.194724, 1800002, 247193
data/largerLV/patterns/g10, data/largerLV/targets/g69, 33, 974199616, 719166008, 502561293, 1800.008979, 9.312757, 1800002, 9312
data/largerLV/patterns/g10, data/largerLV/targets/g68, 37, 1168713002, 786056871, 403466155, 1800.009727, 0.011862, 1800002, 11
data/largerLV/patterns/g10, data/largerLV/targets/g73, 28, 787408489, 737729712, 688070998, 1800.010115, 14.401423, 1800003, 14401
data/largerLV/patterns/g10, data/largerLV/targets/g66-normed, 31, 1397131957, 1097073215, 816274078, 1800.007544, 304.164246, 1800001, 304163
data/largerLV/patterns/g10, data/largerLV/targets/g67, 27, 1365441178, 1163790264, 964264466, 1800.008786, 18.278657, 1800002, 18278
data/largerLV/patterns/g10, data/largerLV/targets/g73-normed, 28, 796180236, 746038671, 695917295, 1800.010420, 14.228970, 1800003, 14228
data/largerLV/patterns/g10, data/largerLV/targets/g66, 31, 1396298519, 1096422913, 815805421, 1800.009180, 304.731444, 1800001, 304729
data/largerLV/patterns/g10, data/largerLV/targets/g74, 22, 712167992, 709712303, 709709438, 1800.012293, 0.006553, 1800005, 6
data/largerLV/patterns/g10, data/largerLV/targets/g80, 29, 312543845, 292742221, 276703464, 1800.014853, 76.906361, 1800008, 76906
data/largerLV/patterns/g10, data/largerLV/targets/g79, 32, 954576466, 799365821, 644332140, 1800.014394, 0.010597, 1800005, 10
data/largerLV/patterns/g10, data/largerLV/targets/g81, 30, 707370901, 608993774, 512079770, 1800.016341, 1311.355702, 1800008, 1311349
data/largerLV/patterns/g10, data/largerLV/targets/g78, 31, 1207344345, 971605996, 737251173, 1800.009908, 133.637127, 1800003, 133636
data/largerLV/patterns/g10, data/largerLV/targets/g82, 30, 709210848, 610556329, 513364930, 1800.015914, 1307.083710, 1800008, 1307079
data/largerLV/patterns/g10, data/largerLV/targets/g82-normed, 30, 705461871, 607357308, 510715693, 1800.017265, 1314.378862, 1800008, 1314372
data/largerLV/patterns/g10, data/largerLV/targets/g77, 12, 833443820, 830016957, 829973451, 1800.016408, 0.007429, 1800008, 7
data/largerLV/patterns/g10, data/largerLV/targets/g75, 25, 837137769, 795554608, 753970641, 1800.010564, 0.021050, 1800004, 21
data/largerLV/patterns/g10, data/largerLV/targets/g76, 18, 1436086601, 1418830074, 1418204276, 1800.015326, 0.399703, 1800005, 399
data/largerLV/patterns/g10, data/largerLV/targets/g88, 32, 746569540, 614231746, 482204352, 1800.019563, 0.334233, 1800009, 334
data/largerLV/patterns/g10, data/largerLV/targets/g87, 30, 736401154, 563515250, 392325169, 1800.017063, 89.431714, 1800009, 89431
data/largerLV/patterns/g10, data/largerLV/targets/g90, 31, 504998287, 374127785, 251414794, 1800.025807, 818.046428, 1800016, 818043
data/largerLV/patterns/g10, data/largerLV/targets/g85, 27, 285097721, 262956117, 242248437, 1800.027438, 0.121579, 1800017, 121
data/largerLV/patterns/g10, data/largerLV/targets/g91, 32, 454529616, 361899169, 276594823, 1800.030246, 431.823389, 1800018, 431820
data/largerLV/patterns/g10, data/largerLV/targets/g86-normed, 27, 282328698, 261711953, 242374445, 1800.024714, 0.121079, 1800018, 121
data/largerLV/patterns/g10, data/largerLV/targets/g86, 27, 283841594, 263222139, 243882005, 1800.027258, 0.120898, 1800017, 120
data/largerLV/patterns/g10, data/largerLV/targets/g84, 29, 2609441473, 2478158613, 2354930666, 1800.021548, 276.675626, 1800014, 276674
data/largerLV/patterns/g10, data/largerLV/targets/g89, 28, 595875980, 449447249, 305622887, 1800.016510, 12.271342, 1800009, 12271
data/largerLV/patterns/g10, data/largerLV/targets/g83, 31, 701550988, 498486470, 301918424, 1800.016815, 63.614449, 1800008, 63614
data/largerLV/patterns/g11, data/largerLV/targets/g100, 20, 110466326, 110306175, 110147625, 1800.076279, 1704.646890, 1800068, 1704639
data/largerLV/patterns/g10, data/largerLV/targets/g92, 34, 342450220, 271774491, 201292550, 1800.031776, 0.242922, 1800025, 242
data/largerLV/patterns/g10, data/largerLV/targets/g95, 30, 151442661, 138085436, 126258381, 1800.076441, 2.146466, 1800069, 2146
data/largerLV/patterns/g10, data/largerLV/targets/g94, 31, 316970215, 265038213, 213931023, 1800.046645, 0.118637, 1800040, 118
data/largerLV/patterns/g10, data/largerLV/targets/g98, 30, 255470819, 209169457, 164774941, 1800.061039, 1.854818, 1800051, 1854
data/largerLV/patterns/g10, data/largerLV/targets/g96, 30, 189581177, 164503195, 140597324, 1800.061416, 4.023175, 1800053, 4023
data/largerLV/patterns/g10, data/largerLV/targets/g99, 30, 252469411, 205188906, 159900668, 1800.065224, 2.105706, 1800060, 2105
data/largerLV/patterns/g10, data/largerLV/targets/g93-normed, 37, 1124136534, 829424910, 544743782, 1800.050747, 0.482948, 1800045, 482
data/largerLV/patterns/g10, data/largerLV/targets/g93, 37, 1088409193, 802987523, 527363127, 1800.052377, 0.484502, 1800045, 484
data/largerLV/patterns/g10, data/largerLV/targets/g97, 30, 195763323, 164107700, 133903596, 1800.085344, 594.082063, 1800077, 594079
data/largerLV/patterns/g11, data/largerLV/targets/g101, 23, 327306696, 266306156, 205311034, 1800.047986, 22.052439, 1800040, 22052
data/largerLV/patterns/g11, data/largerLV/targets/g102, 25, 337897026, 288913993, 239919104, 1800.046805, 0.083880, 1800041, 83
data/largerLV/patterns/g11, data/largerLV/targets/g105, 26, 228742243, 187829033, 154846172, 1800.104946, 399.772439, 1800094, 399769
data/largerLV/patterns/g11, data/largerLV/targets/g103, 25, 330357775, 298984825, 267604192, 1800.049860, 0.084503, 1800042, 84
data/largerLV/patterns/g11, data/largerLV/targets/g104, 26, 232429612, 184186149, 152625306, 1800.104570, 982.435354, 1800094, 982429
data/largerLV/patterns/g11, data/largerLV/targets/g106, 25, 149813252, 116413854, 83836515, 1800.291777, 0.451238, 1800284, 451
data/largerLV/patterns/g11, data/largerLV/targets/g107, 25, 157022923, 122802132, 88620362, 1800.193789, 21.644179, 1800187, 21644
data/largerLV/patterns/g11, data/largerLV/targets/g109, 29, 164035956, 120602095, 81131886, 1800.244867, 203.748733, 1800233, 203747
data/largerLV/patterns/g11, data/largerLV/targets/g108, 27, 157996191, 131752324, 106567010, 1800.215229, 483.193067, 1800204, 483190
data/largerLV/patterns/g11, data/largerLV/targets/g110, 36, 152359032, 104933492, 58594714, 1800.291392, 1039.539064, 1800283, 1039534
data/largerLV/patterns/g11, data/largerLV/targets/g53, 20, 2055699907, 1740984924, 1426709383, 1800.007201, 1.644519, 1800000, 1644
data/largerLV/patterns/g11, data/largerLV/targets/g56, 32, 1360138066, 996820941, 690641823, 1800.007049, 219.326418, 1800000, 219325
data/largerLV/patterns/g11, data/largerLV/targets/g51, 23, 1947977919, 1768589763, 1632158975, 1800.006691, 198.496937, 1800000, 198496
data/largerLV/patterns/g11, data/largerLV/targets/g57, 19, 879827716, 787098318, 707129860, 1800.008671, 359.612051, 1800002, 359610
data/largerLV/patterns/g11, data/largerLV/targets/g54, 32, 1405637879, 1062188294, 764923834, 1800.006210, 163.729168, 1800000, 163728
data/largerLV/patterns/g11, data/largerLV/targets/g55, 31, 1431917837, 1097187207, 798765202, 1800.006539, 52.353686, 1800000, 52353
data/largerLV/patterns/g11, data/largerLV/targets/g52, 29, 1796304265, 1599192367, 1440605294, 1800.007271, 243.213157, 1800000, 243212
data/largerLV/patterns/g11, data/largerLV/targets/g58, 25, 1186194554, 1119265048, 1062390143, 1800.009799, 1103.651888, 1800001, 1103646
data/largerLV/patterns/g11, data/largerLV/targets/g112, 27, 105107582, 99917381, 96621339, 1800.447635, 77.081281, 1800434, 77080
data/largerLV/patterns/g11, data/largerLV/targets/g111, 25, 113892037, 88735972, 64204791, 1800.562642, 0.711309, 1800556, 711
data/largerLV/patterns/g11, data/largerLV/targets/g60-normed, 24, 1494534136, 1323256456, 1151985760, 1800.010160, 0.018007, 1800001, 17
data/largerLV/patterns/g11, data/largerLV/targets/g59, 23, 1087822401, 1033652594, 984099185, 1800.007424, 19.976195, 1800000, 19976
data/largerLV/patterns/g11, data/largerLV/targets/g65, 30, 1031144746, 865617727, 731626609, 1800.010243, 299.490517, 1800002, 299489
data/largerLV/patterns/g11, data/largerLV/targets/g59-normed, 23, 1081807042, 1027946410, 978665188, 1800.010477, 19.835203, 1800001, 19835
data/largerLV/patterns/g11, data/largerLV/targets/g64, 27, 2420429447, 2317923590, 2215444477, 1800.012136, 64.626661, 1800002, 64626
data/largerLV/patterns/g11, data/largerLV/targets/g63, 29, 1141828859, 882997059, 684607030, 1800.009805, 236.051611, 1800001, 236050
data/largerLV/patterns/g11, data/largerLV/targets/g60, 24, 1502590641, 1330390039, 1158196346, 1800.007787, 0.017996, 1800001, 17
data/largerLV/patterns/g11, data/largerLV/targets/g58-normed, 25, 1191886605, 1124896670, 1067961606, 1800.008230, 1096.913900, 1800001, 1096909
data/largerLV/patterns/g11, data/largerLV/targets/g62, 28, 1340892827, 1058344237, 795398934, 1800.010554, 6.602326, 1800001, 6602
data/largerLV/patterns/g11, data/largerLV/targets/g61, 24, 1207205754, 1034969765, 863467495, 1800.007243, 1617.780869, 1800002, 1617776
data/largerLV/patterns/g11, data/largerLV/targets/g72, 23, 470928230, 462039504, 453861650, 1800.010521, 1.286403, 1800002, 1286
data/largerLV/patterns/g11, data/largerLV/targets/g67, 25, 1178997760, 925568819, 673727556, 1800.008433, 2.477971, 1800001, 2477
data/largerLV/patterns/g11, data/largerLV/targets/g69, 25, 1009217567, 792406480, 657661513, 1800.009425, 0.030536, 1800003, 30
data/largerLV/patterns/g11, data/largerLV/targets/g66, 29, 1228348054, 997599437, 808999037, 1800.007555, 12.490364, 1800001, 12490
data/largerLV/patterns/g11, data/largerLV/targets/g73, 26, 986052825, 830915315, 676335371, 1800.011943, 1.495309, 1800003, 1495
data/largerLV/patterns/g11, data/largerLV/targets/g66-normed, 29, 1232651176, 1001227059, 811956343, 1800.005477, 12.461492, 1800000, 12461
data/largerLV/patterns/g11, data/largerLV/targets/g70, 27, 690810269, 593199063, 516381510, 1800.011530, 931.324669, 1800003, 931320
data/largerLV/patterns/g11, data/largerLV/targets/g73-normed, 26, 988039933, 832560023, 677637764, 1800.008312, 1.495224, 1800003, 1495
data/largerLV/patterns/g11, data/largerLV/targets/g68, 29, 1128647579, 879570023, 637797103, 1800.009986, 414.280655, 1800002, 414279
data/largerLV/patterns/g11, data/largerLV/targets/g71, 26, 996417410, 812125118, 650954578, 1800.008311, 1055.847970, 1800002, 1055843
data/largerLV/patterns/g11, data/largerLV/targets/g74, 23, 881607120, 877736559, 873867131, 1800.011023, 0.008212, 1800003, 8
data/largerLV/patterns/g11, data/largerLV/targets/g79, 29, 784193666, 653415618, 537952677, 1800.011811, 420.267689, 1800004, 420266
data/largerLV/patterns/g11, data/largerLV/targets/g78, 42, 3655820, 2371784, 1291605, 8.142468, 8.138843, 8142, 8138
data/largerLV/patterns/g11, data/largerLV/targets/g81, 26, 690979796, 582970895, 474963260, 1800.016969, 0.050552, 1800009, 50
data/largerLV/patterns/g11, data/largerLV/targets/g76, 24, 1713516333, 1681157790, 1658218054, 1800.014217, 1.786971, 1800005, 1786
data/largerLV/patterns/g11, data/largerLV/targets/g82, 26, 691353327, 583284873, 475217688, 1800.015389, 0.050624, 1800009, 50
data/largerLV/patterns/g11, data/largerLV/targets/g75, 30, 1006587333, 908894542, 822630748, 1800.013528, 689.643738, 1800004, 689641
data/largerLV/patterns/g11, data/largerLV/targets/g82-normed, 26, 691961305, 583803336, 475646631, 1800.014373, 0.050929, 1800009, 50
data/largerLV/patterns/g11, data/largerLV/targets/g77, 23, 1190180246, 1181811855, 1181750276, 1800.016982, 93.766148, 1800010, 93765
data/largerLV/patterns/g11, data/largerLV/targets/g80, 25, 307341177, 292191874, 280174121, 1800.167541, 511.973839, 1800011, 511929
data/largerLV/patterns/g11, data/largerLV/targets/g85, 24, 238187411, 236526581, 235010962, 1800.179330, 217.787415, 1800019, 217768
data/largerLV/patterns/g11, data/largerLV/targets/g88, 35, 584094516, 421257267, 282475332, 1800.165287, 40.128455, 1800009, 40124
data/largerLV/patterns/g11, data/largerLV/targets/g89, 24, 566324347, 435208396, 304239358, 1800.172169, 0.053567, 1800013, 53
data/largerLV/patterns/g11, data/largerLV/targets/g91, 28, 417192285, 379047482, 351600049, 1800.176209, 6.741619, 1800019, 6740
data/largerLV/patterns/g11, data/largerLV/targets/g87, 33, 593062775, 461864271, 335220237, 1800.165980, 716.965264, 1800009, 716903
data/largerLV/patterns/g11, data/largerLV/targets/g90, 30, 487761286, 370736813, 266163856, 1800.174980, 12.436723, 1800016, 12435
data/largerLV/patterns/g11, data/largerLV/targets/g84, 42, 271431154, 170873208, 73219897, 750.242078, 750.228175, 750175, 750161
data/largerLV/patterns/g11, data/largerLV/targets/g86-normed, 24, 238070279, 236872966, 235823336, 1800.170481, 215.441180, 1800015, 215421
data/largerLV/patterns/g11, data/largerLV/targets/g86, 24, 238676203, 237477401, 236426505, 1800.171562, 215.138886, 1800017, 215119
data/largerLV/patterns/g11, data/largerLV/targets/g83, 30, 663382787, 413964804, 184241405, 1800.160441, 5.732483, 1800008, 5731
data/largerLV/patterns/g11, data/largerLV/targets/g92, 28, 429860587, 372876112, 337490693, 1800.176357, 0.348088, 1800022, 348
data/largerLV/patterns/g11, data/largerLV/targets/g95, 25, 205474538, 175865108, 149745619, 1800.246230, 1522.304212, 1800072, 1522155
data/largerLV/patterns/g11, data/largerLV/targets/g98, 26, 341514332, 274314748, 234647450, 1800.188869, 405.296684, 1800032, 405259
data/largerLV/patterns/g11, data/largerLV/targets/g96, 26, 245537097, 205191914, 176817861, 1800.206189, 1305.891275, 1800032, 1305761
data/largerLV/patterns/g11, data/largerLV/targets/g99, 26, 343498232, 273638163, 233359202, 1800.188558, 397.513165, 1800032, 397476
data/largerLV/patterns/g11, data/largerLV/targets/g94, 30, 390819860, 291784916, 221226180, 1800.184442, 28.655402, 1800029, 28652
data/largerLV/patterns/g11, data/largerLV/targets/g97, 27, 169784507, 153001363, 139098125, 1800.229047, 799.246902, 1800048, 799166
data/largerLV/patterns/g11, data/largerLV/targets/g93-normed, 38, 708202133, 473254374, 245154839, 1800.207662, 31.293560, 1800047, 31290
data/largerLV/patterns/g11, data/largerLV/targets/g93, 38, 714153338, 477274744, 247347628, 1800.208585, 30.810460, 1800047, 30807
