data/largerLV/patterns/g10, data/largerLV/targets/g100, 17, 92688021, 57983261, 23269830, 500.149278, 0.510747, 500101, 510
data/largerLV/patterns/g10, data/largerLV/targets/g101, 27, 103924559, 85550689, 69286385, 500.084193, 200.634421, 500040, 200616
data/largerLV/patterns/g10, data/largerLV/targets/g104, 29, 75592704, 58694375, 44743287, 500.145796, 102.297288, 500101, 102287
data/largerLV/patterns/g10, data/largerLV/targets/g103, 27, 95784939, 86184627, 77794971, 500.085857, 109.927328, 500042, 109917
data/largerLV/patterns/g10, data/largerLV/targets/g105, 29, 93261369, 83122324, 72967143, 500.144906, 123.772404, 500102, 123761
data/largerLV/patterns/g10, data/largerLV/targets/g107, 26, 61639304, 43909020, 26464592, 500.236783, 3.070537, 500189, 3070
data/largerLV/patterns/g10, data/largerLV/targets/g106, 32, 49951257, 38733971, 27842825, 500.246366, 17.563095, 500200, 17561
data/largerLV/patterns/g10, data/largerLV/targets/g108, 31, 48579711, 35196974, 21871394, 500.264525, 175.772774, 500219, 175756
data/largerLV/patterns/g10, data/largerLV/targets/g109, 28, 45581197, 35106231, 25013768, 500.282161, 0.435451, 500236, 435
data/largerLV/patterns/g10, data/largerLV/targets/g110, 32, 40987411, 37785617, 34585502, 500.332503, 0.543068, 500288, 543
data/largerLV/patterns/g10, data/largerLV/targets/g102, 26, 196924236, 170716438, 147116457, 500.085415, 421.033305, 500041, 420995
data/largerLV/patterns/g10, data/largerLV/targets/g52, 27, 747826848, 714706222, 683078602, 500.043498, 4.584488, 500000, 4584
data/largerLV/patterns/g10, data/largerLV/targets/g56, 32, 439283611, 342163090, 253175103, 500.044116, 1.338708, 500000, 1338
data/largerLV/patterns/g10, data/largerLV/targets/g55, 30, 547194289, 437003879, 329133903, 500.043926, 17.035208, 500000, 17033
data/largerLV/patterns/g10, data/largerLV/targets/g53, 25, 700179886, 513095585, 328011506, 500.042208, 24.580720, 500000, 24578
data/largerLV/patterns/g10, data/largerLV/targets/g51, 29, 540660117, 499684696, 462422525, 500.041898, 118.510345, 500000, 118500
data/largerLV/patterns/g10, data/largerLV/targets/g58, 28, 371185788, 314774938, 260505280, 500.042731, 2.847222, 500001, 2846
data/largerLV/patterns/g10, data/largerLV/targets/g57, 19, 239993094, 220693092, 203651811, 500.043860, 1.598063, 500001, 1597
data/largerLV/patterns/g10, data/largerLV/targets/g111, 32, 38566030, 29985728, 21661579, 500.369184, 22.609072, 500321, 22606
data/largerLV/patterns/g10, data/largerLV/targets/g112, 34, 28522084, 23773989, 19385179, 500.495675, 62.116263, 500444, 62109
data/largerLV/patterns/g10, data/largerLV/targets/g54, 31, 467047307, 355834010, 249908649, 500.042405, 236.953325, 500000, 236934
data/largerLV/patterns/g10, data/largerLV/targets/g58-normed, 28, 370788881, 314442341, 260235701, 500.042829, 2.854251, 500001, 2854
data/largerLV/patterns/g10, data/largerLV/targets/g60, 29, 384536340, 353515348, 327025222, 500.041279, 267.871848, 500001, 267850
data/largerLV/patterns/g10, data/largerLV/targets/g63, 34, 374067072, 260711020, 149836410, 500.043252, 422.728546, 500001, 422693
data/largerLV/patterns/g10, data/largerLV/targets/g59-normed, 27, 340099584, 296576338, 255097348, 500.042762, 3.355102, 500001, 3354
data/largerLV/patterns/g10, data/largerLV/targets/g65, 28, 361950655, 307268531, 265116605, 500.044889, 0.299713, 500002, 299
data/largerLV/patterns/g10, data/largerLV/targets/g61, 28, 370727440, 276107084, 183679790, 500.043309, 180.705302, 500002, 180690
data/largerLV/patterns/g10, data/largerLV/targets/g59, 27, 339203620, 295838099, 254512130, 500.042284, 3.360651, 500001, 3360
data/largerLV/patterns/g10, data/largerLV/targets/g64, 28, 681112682, 588374444, 496100942, 500.044207, 0.441231, 500002, 441
data/largerLV/patterns/g10, data/largerLV/targets/g60-normed, 29, 385256342, 354188138, 327650850, 500.042305, 267.542573, 500001, 267520
data/largerLV/patterns/g10, data/largerLV/targets/g62, 29, 374814762, 352949730, 336146989, 500.043851, 9.342705, 500001, 9341
data/largerLV/patterns/g10, data/largerLV/targets/g70, 32, 204028976, 165849338, 132441792, 500.046944, 25.827830, 500002, 25825
data/largerLV/patterns/g10, data/largerLV/targets/g72, 26, 128772882, 127489892, 126585350, 500.048408, 241.928378, 500004, 241907
data/largerLV/patterns/g10, data/largerLV/targets/g71, 33, 282056914, 220236718, 158419226, 500.046441, 248.043704, 500002, 248021
data/largerLV/patterns/g10, data/largerLV/targets/g69, 33, 272433596, 201157421, 140516316, 500.045098, 9.278988, 500003, 9278
data/largerLV/patterns/g10, data/largerLV/targets/g68, 37, 291352885, 204559544, 117770855, 500.044388, 0.011772, 500002, 11
data/largerLV/patterns/g10, data/largerLV/targets/g73, 28, 216660879, 204543587, 192433298, 500.046856, 14.237181, 500003, 14235
data/largerLV/patterns/g10, data/largerLV/targets/g66-normed, 31, 394149401, 308202545, 228496843, 500.042805, 303.779121, 500001, 303753
data/largerLV/patterns/g10, data/largerLV/targets/g67, 27, 377704824, 316661149, 257730835, 500.046638, 18.185324, 500002, 18183
data/largerLV/patterns/g10, data/largerLV/targets/g73-normed, 28, 215404824, 203353840, 191309817, 500.048539, 14.226537, 500003, 14225
data/largerLV/patterns/g10, data/largerLV/targets/g66, 31, 395179033, 309006654, 229076172, 500.043772, 303.174760, 500001, 303148
data/largerLV/patterns/g10, data/largerLV/targets/g74, 22, 201347939, 200653632, 200652572, 500.055630, 0.006407, 500005, 6
data/largerLV/patterns/g10, data/largerLV/targets/g80, 29, 89815067, 83465995, 78744557, 500.061884, 75.566376, 500018, 75559
data/largerLV/patterns/g10, data/largerLV/targets/g79, 32, 266576051, 221663349, 176814574, 500.048559, 0.010669, 500005, 10
data/largerLV/patterns/g10, data/largerLV/targets/g81, 28, 225925739, 196439143, 167924156, 500.053359, 106.707390, 500009, 106697
data/largerLV/patterns/g10, data/largerLV/targets/g78, 31, 332993049, 268480787, 204730452, 500.045034, 133.177590, 500003, 133166
data/largerLV/patterns/g10, data/largerLV/targets/g82, 28, 225965258, 196473406, 167953173, 500.049987, 107.035387, 500009, 107026
data/largerLV/patterns/g10, data/largerLV/targets/g82-normed, 28, 226017306, 196518933, 167992180, 500.050869, 107.050587, 500009, 107041
data/largerLV/patterns/g10, data/largerLV/targets/g77, 12, 232312429, 231358991, 231325571, 500.050111, 0.007384, 500008, 7
data/largerLV/patterns/g10, data/largerLV/targets/g75, 25, 233523837, 221951314, 210377987, 500.047160, 0.020772, 500004, 20
data/largerLV/patterns/g10, data/largerLV/targets/g76, 18, 381691408, 377151640, 376558950, 500.048911, 0.399270, 500007, 399
data/largerLV/patterns/g10, data/largerLV/targets/g88, 32, 207087549, 170826722, 134656615, 500.053082, 0.333466, 500009, 333
data/largerLV/patterns/g10, data/largerLV/targets/g87, 30, 226868713, 172154043, 118625332, 500.052285, 88.525231, 500009, 88517
data/largerLV/patterns/g10, data/largerLV/targets/g90, 29, 147182626, 109647642, 73899835, 500.060931, 1.257194, 500016, 1257
data/largerLV/patterns/g10, data/largerLV/targets/g85, 27, 85830773, 75958599, 66572228, 500.056901, 0.120258, 500014, 120
data/largerLV/patterns/g10, data/largerLV/targets/g91, 32, 131075104, 98629749, 68902171, 500.064450, 433.494027, 500018, 433454
data/largerLV/patterns/g10, data/largerLV/targets/g86-normed, 27, 88389077, 78535362, 69166116, 500.057457, 0.120554, 500014, 120
data/largerLV/patterns/g10, data/largerLV/targets/g86, 27, 88940367, 79085573, 69715094, 500.055412, 0.121193, 500011, 121
data/largerLV/patterns/g10, data/largerLV/targets/g84, 29, 697321842, 661417380, 626122485, 500.056597, 275.629062, 500014, 275605
data/largerLV/patterns/g10, data/largerLV/targets/g89, 28, 147948581, 113030132, 80163802, 500.052706, 12.504648, 500009, 12503
data/largerLV/patterns/g10, data/largerLV/targets/g83, 31, 198034425, 144030908, 92199974, 500.052197, 63.655345, 500008, 63649
data/largerLV/patterns/g11, data/largerLV/targets/g100, 17, 30719675, 30680778, 30622145, 500.120289, 0.500518, 500072, 500
data/largerLV/patterns/g10, data/largerLV/targets/g92, 34, 103100706, 80346085, 57785035, 500.071904, 0.242662, 500024, 242
data/largerLV/patterns/g10, data/largerLV/targets/g95, 30, 46169728, 40952437, 36662105, 500.107492, 2.163026, 500058, 2162
data/largerLV/patterns/g10, data/largerLV/targets/g94, 31, 92536480, 75576241, 58928102, 500.084895, 0.117239, 500037, 117
data/largerLV/patterns/g10, data/largerLV/targets/g98, 30, 68632563, 56196041, 44542281, 500.088240, 1.860839, 500038, 1860
data/largerLV/patterns/g10, data/largerLV/targets/g96, 30, 56991768, 48013639, 39804052, 500.095501, 4.028651, 500046, 4028
data/largerLV/patterns/g10, data/largerLV/targets/g99, 30, 69575754, 55630719, 42582159, 500.088873, 2.104749, 500038, 2104
data/largerLV/patterns/g10, data/largerLV/targets/g93-normed, 37, 304390138, 224390650, 148077699, 500.088825, 0.483468, 500044, 483
data/largerLV/patterns/g10, data/largerLV/targets/g93, 37, 304611606, 224549072, 148173685, 500.089874, 0.483816, 500045, 483
data/largerLV/patterns/g10, data/largerLV/targets/g97, 29, 61848332, 49530641, 37417914, 500.101161, 402.003520, 500051, 401964
data/largerLV/patterns/g11, data/largerLV/targets/g101, 23, 92527917, 75023064, 57522732, 500.111053, 21.983586, 500066, 21981
data/largerLV/patterns/g11, data/largerLV/targets/g102, 25, 94146126, 80520611, 66883188, 500.084695, 0.084342, 500040, 84
data/largerLV/patterns/g11, data/largerLV/targets/g105, 26, 65273784, 51989274, 41721539, 500.137507, 394.485096, 500092, 394449
data/largerLV/patterns/g11, data/largerLV/targets/g103, 25, 92313626, 83546083, 74770858, 500.087432, 0.083597, 500042, 83
data/largerLV/patterns/g11, data/largerLV/targets/g104, 25, 64965308, 51250823, 42197038, 500.136031, 19.338068, 500090, 19336
data/largerLV/patterns/g11, data/largerLV/targets/g106, 25, 41731186, 32496656, 23496167, 500.382533, 0.448354, 500333, 448
data/largerLV/patterns/g11, data/largerLV/targets/g107, 25, 42306504, 32908819, 23523454, 500.382352, 21.564244, 500332, 21562
data/largerLV/patterns/g11, data/largerLV/targets/g109, 29, 45306219, 33306883, 22364749, 500.281471, 202.885551, 500236, 202867
data/largerLV/patterns/g11, data/largerLV/targets/g108, 27, 44962596, 37221582, 29522764, 500.250134, 477.345111, 500205, 477302
data/largerLV/patterns/g11, data/largerLV/targets/g110, 35, 44633024, 28561745, 12880786, 500.330854, 22.874648, 500286, 22872
data/largerLV/patterns/g11, data/largerLV/targets/g53, 20, 579575324, 490446186, 401461786, 500.042996, 1.644999, 500000, 1644
data/largerLV/patterns/g11, data/largerLV/targets/g56, 32, 376028354, 275477602, 195607999, 500.043837, 218.438170, 500000, 218419
data/largerLV/patterns/g11, data/largerLV/targets/g51, 23, 545663780, 500708319, 465979168, 500.042606, 197.292717, 500000, 197275
data/largerLV/patterns/g11, data/largerLV/targets/g57, 19, 243795912, 219481516, 198584718, 500.044289, 357.676881, 500002, 357646
data/largerLV/patterns/g11, data/largerLV/targets/g54, 32, 386161734, 289568057, 208861826, 500.043250, 163.105800, 500000, 163092
data/largerLV/patterns/g11, data/largerLV/targets/g55, 31, 390681205, 304912437, 232063697, 500.042798, 52.064400, 500000, 52059
data/largerLV/patterns/g11, data/largerLV/targets/g52, 29, 499433233, 435410476, 386706390, 500.042250, 242.336585, 500000, 242316
data/largerLV/patterns/g11, data/largerLV/targets/g58, 24, 328677220, 307029677, 286477729, 500.043012, 18.690064, 500001, 18688
data/largerLV/patterns/g11, data/largerLV/targets/g112, 27, 29219037, 27826111, 26825698, 500.479912, 77.258173, 500432, 77250
data/largerLV/patterns/g11, data/largerLV/targets/g111, 25, 31893857, 24917373, 18121898, 500.609434, 0.703003, 500561, 702
data/largerLV/patterns/g11, data/largerLV/targets/g60-normed, 24, 417817418, 369964395, 322118280, 500.042843, 0.017919, 500001, 17
data/largerLV/patterns/g11, data/largerLV/targets/g59, 23, 305471592, 289803242, 275479785, 500.042354, 19.671927, 500000, 19670
data/largerLV/patterns/g11, data/largerLV/targets/g65, 30, 306993032, 252535129, 203894347, 500.044425, 298.883611, 500001, 298858
data/largerLV/patterns/g11, data/largerLV/targets/g59-normed, 23, 303316521, 287743209, 273505053, 500.043391, 19.750825, 500001, 19749
data/largerLV/patterns/g11, data/largerLV/targets/g64, 27, 671536609, 642352656, 613195438, 500.046035, 64.489723, 500002, 64484
data/largerLV/patterns/g11, data/largerLV/targets/g63, 29, 326897413, 263425845, 210593984, 500.044748, 234.690533, 500001, 234670
data/largerLV/patterns/g11, data/largerLV/targets/g60, 24, 418893514, 370916090, 322945650, 500.043211, 0.018089, 500001, 18
data/largerLV/patterns/g11, data/largerLV/targets/g58-normed, 24, 330221545, 308494511, 287868055, 500.043727, 18.629157, 500000, 18627
data/largerLV/patterns/g11, data/largerLV/targets/g62, 28, 365892544, 295405486, 228356388, 500.044615, 6.575125, 500001, 6574
data/largerLV/patterns/g11, data/largerLV/targets/g61, 22, 334642190, 289527536, 244450130, 500.046840, 153.877043, 500002, 153863
data/largerLV/patterns/g11, data/largerLV/targets/g72, 23, 136163949, 132528080, 129582834, 500.046277, 1.288901, 500002, 1288
data/largerLV/patterns/g11, data/largerLV/targets/g67, 25, 329751088, 257871296, 187136195, 500.044266, 2.473738, 500001, 2473
data/largerLV/patterns/g11, data/largerLV/targets/g69, 25, 282689969, 225636222, 187575080, 500.045791, 0.030683, 500002, 30
data/largerLV/patterns/g11, data/largerLV/targets/g66, 29, 342071089, 273304393, 219636863, 500.043803, 12.463370, 500001, 12462
data/largerLV/patterns/g11, data/largerLV/targets/g73, 26, 264351565, 231875635, 199820564, 500.047897, 1.499030, 500003, 1498
data/largerLV/patterns/g11, data/largerLV/targets/g66-normed, 29, 342506926, 273653731, 219907722, 500.046618, 12.450809, 500000, 12449
data/largerLV/patterns/g11, data/largerLV/targets/g70, 26, 234279883, 186999167, 149686147, 500.047666, 294.671155, 500002, 294644
data/largerLV/patterns/g11, data/largerLV/targets/g73-normed, 26, 264038367, 231616431, 199615363, 500.045999, 1.508248, 500003, 1508
data/largerLV/patterns/g11, data/largerLV/targets/g68, 29, 322805397, 248880441, 181577652, 500.046136, 412.686010, 500002, 412650
data/largerLV/patterns/g11, data/largerLV/targets/g71, 25, 281391605, 225557791, 171187710, 500.046009, 18.573097, 500002, 18571
data/largerLV/patterns/g11, data/largerLV/targets/g74, 23, 251201086, 250083189, 248966345, 500.047227, 0.008066, 500003, 8
data/largerLV/patterns/g11, data/largerLV/targets/g79, 29, 217343028, 177663224, 143598755, 500.050738, 416.355693, 500004, 416317
data/largerLV/patterns/g11, data/largerLV/targets/g78, 42, 3655820, 2371784, 1291605, 8.108948, 8.105355, 8108, 8104
data/largerLV/patterns/g11, data/largerLV/targets/g81, 26, 192875411, 162533598, 132193045, 500.055145, 0.050381, 500009, 50
