./data/si/si6_m4D_m4D_625/si6_m4D_m625.06/pattern, ./data/si/si6_m4D_m4D_625/si6_m4D_m625.06/target, 297, 10235464, 5988685, 3775164, 20.006385, 19.605094, 20005, 19604
./data/si/si4_m4D_m4D_256/si4_m4D_m256.04/pattern, ./data/si/si4_m4D_m4D_256/si4_m4D_m256.04/target, 75, 13887161, 7325914, 3215044, 20.001222, 18.500344, 20000, 18499
./data/si/si4_m4D_m4Dr4_256/si4_m4Dr4_m256.07/pattern, ./data/si/si4_m4D_m4Dr4_256/si4_m4Dr4_m256.07/target, 71, 16032059, 10457745, 5693344, 20.001392, 6.621195, 20000, 6621
./data/si/si6_rand_r001_400/si6_r001_m400.00/pattern, ./data/si/si6_rand_r001_400/si6_r001_m400.00/target, 129, 16752886, 10384461, 5913370, 20.002983, 0.772923, 20002, 772
./data/si/si2_m4D_m4Dr2_1296/si2_m4Dr2_m1296.03/pattern, ./data/si/si2_m4D_m4Dr2_1296/si2_m4Dr2_m1296.03/target, 169, 6850726, 4290443, 1725741, 20.016040, 1.676162, 20015, 1676
./data/si/si6_m4D_m4Dr2_1296/si6_m4Dr2_m1296.01/pattern, ./data/si/si6_m4D_m4Dr2_1296/si6_m4Dr2_m1296.01/target, 445, 10490732, 7736361, 5485188, 20.018162, 0.152283, 20017, 152
./data/si/si6_rand_r001_400/si6_r001_m400.03/pattern, ./data/si/si6_rand_r001_400/si6_r001_m400.03/target, 132, 16083337, 10423879, 5498873, 20.002712, 4.431492, 20002, 4431
./data/si/si4_m4D_m4D_1296/si4_m4D_m1296.05/pattern, ./data/si/si4_m4D_m4D_1296/si4_m4D_m1296.05/target, 403, 4237970, 2118839, 447575, 20.015939, 0.371301, 20015, 371
./data/si/si6_m4D_m4D_1296/si6_m4D_m1296.03/pattern, ./data/si/si6_m4D_m4D_1296/si6_m4D_m1296.03/target, 573, 7805503, 5121166, 2090514, 20.038605, 19.486045, 20038, 19485
./data/si/si2_m4D_m4Dr2_1296/si2_m4Dr2_m1296.02/pattern, ./data/si/si2_m4D_m4Dr2_1296/si2_m4Dr2_m1296.02/target, 170, 6814310, 4791803, 2982303, 20.015471, 1.431995, 20015, 1431
./data/si/si2_m4D_m4Dr4_256/si2_m4Dr4_m256.00/pattern, ./data/si/si2_m4D_m4Dr4_256/si2_m4Dr4_m256.00/target, 42, 15531239, 11073955, 7335666, 20.001244, 11.230522, 20000, 11230
./data/si/si2_bvg_b09m_800/si2_b09m_m800.08/pattern, ./data/si/si2_bvg_b09m_800/si2_b09m_m800.08/target, 110, 14079471, 10257896, 7550676, 20.007468, 0.044356, 20006, 44
./data/si/si2_bvg_b06m_200/si2_b06m_m200.06/pattern, ./data/si/si2_bvg_b06m_200/si2_b06m_m200.06/target, 32, 18007878, 12931137, 7918319, 20.001237, 0.971951, 20000, 971
./data/si/si4_bvg_b09m_200/si4_b09m_m200.05/pattern, ./data/si/si4_bvg_b09m_200/si4_b09m_m200.05/target, 66, 15289522, 7991780, 2942715, 20.001234, 14.048026, 20000, 14047
./data/si/si4_rand_r01_200/si4_r01_m200.08/pattern, ./data/si/si4_rand_r01_200/si4_r01_m200.08/target, 28, 18307326, 10524299, 9094704, 20.001340, 6.061737, 20000, 6061
./data/si/si2_m4D_m4D_1296/si2_m4D_m1296.00/pattern, ./data/si/si2_m4D_m4D_1296/si2_m4D_m1296.00/target, 179, 5924695, 2982945, 1072686, 20.015308, 0.443599, 20014, 443
./data/si/si4_bvg_b03m_400/si4_b03m_m400.00/pattern, ./data/si/si4_bvg_b03m_400/si4_b03m_m400.00/target, 124, 15604343, 11380388, 7127555, 20.002379, 9.989144, 20001, 9988
./data/si/si2_m4D_m4Dr4_1296/si2_m4Dr4_m1296.06/pattern, ./data/si/si2_m4D_m4Dr4_1296/si2_m4Dr4_m1296.06/target, 172, 7410218, 6172608, 4965068, 20.015880, 0.116027, 20015, 116
./data/si/si2_bvg_b06m_200/si2_b06m_m200.03/pattern, ./data/si/si2_bvg_b06m_200/si2_b06m_m200.03/target, 31, 22077116, 16711606, 11349999, 20.001027, 0.026796, 20000, 26
./data/si/si2_rand_r01_200/si2_r01_m200.04/pattern, ./data/si/si2_rand_r01_200/si2_r01_m200.04/target, 24, 17581331, 10752031, 7513394, 20.005487, 0.453772, 20000, 453
./data/si/si2_rand_r005_400/si2_r005_m400.04/pattern, ./data/si/si2_rand_r005_400/si2_r005_m400.04/target, 42, 13317003, 8080868, 5919893, 20.002633, 5.399695, 20002, 5399
./data/si/si4_rand_r005_200/si4_r005_m200.01/pattern, ./data/si/si4_rand_r005_200/si4_r005_m200.01/target, 40, 18627648, 11652313, 9126696, 20.001155, 1.076216, 20000, 1076
./data/si/si4_bvg_b09m_400/si4_b09m_m400.05/pattern, ./data/si/si4_bvg_b09m_400/si4_b09m_m400.05/target, 79, 17903963, 13681203, 10590678, 20.002334, 18.100002, 20001, 18099
./data/si/si4_rand_r01_200/si4_r01_m200.03/pattern, ./data/si/si4_rand_r01_200/si4_r01_m200.03/target, 28, 18416205, 10626302, 9077759, 20.001311, 15.800835, 20000, 15800
./data/si/si2_rand_r01_400/si2_r01_m400.08/pattern, ./data/si/si2_rand_r01_400/si2_r01_m400.08/target, 29, 14922929, 8422615, 6733998, 20.003396, 5.568122, 20002, 5567
./data/si/si4_rand_r001_400/si4_r001_m400.06/pattern, ./data/si/si4_rand_r001_400/si4_r001_m400.06/target, 101, 16646978, 11254245, 6979152, 20.002283, 0.558841, 20002, 558
./data/si/si6_bvg_b09m_800/si6_b09m_m800.00/pattern, ./data/si/si6_bvg_b09m_800/si6_b09m_m800.00/target, 210, 15219076, 12225894, 10046722, 20.008368, 13.726017, 20007, 13725
./data/si/si6_rand_r005_200/si6_r005_m200.08/pattern, ./data/si/si6_rand_r005_200/si6_r005_m200.08/target, 42, 17741858, 10327354, 7813747, 20.001000, 6.455639, 20000, 6455
./data/si/si2_m4D_m4D_1296/si2_m4D_m1296.04/pattern, ./data/si/si2_m4D_m4D_1296/si2_m4D_m1296.04/target, 212, 4657704, 2330033, 384877, 20.015272, 0.034554, 20014, 34
./data/si/si4_rand_r01_400/si4_r01_m400.04/pattern, ./data/si/si4_rand_r01_400/si4_r01_m400.04/target, 31, 14823793, 8011137, 7253914, 20.003610, 0.078201, 20002, 78
./data/si/si6_m4D_m4Dr2_256/si6_m4Dr2_m256.01/pattern, ./data/si/si6_m4D_m4Dr2_256/si6_m4Dr2_m256.01/target, 96, 17571311, 11625340, 7434188, 20.001217, 1.255276, 20000, 1255
./data/si/si2_m4D_m4Dr6_1296/si2_m4Dr6_m1296.09/pattern, ./data/si/si2_m4D_m4Dr6_1296/si2_m4Dr6_m1296.09/target, 186, 7248028, 6063370, 4747456, 20.018917, 1.081040, 20018, 1081
./data/si/si2_rand_r005_600/si2_r005_m600.02/pattern, ./data/si/si2_rand_r005_600/si2_r005_m600.02/target, 50, 14365852, 8848860, 6565332, 20.005236, 7.232395, 20004, 7232
./data/si/si6_rand_r001_400/si6_r001_m400.08/pattern, ./data/si/si6_rand_r001_400/si6_r001_m400.08/target, 140, 21165396, 15780147, 10814674, 20.002525, 5.714265, 20002, 5714
./data/si/si2_m4D_m4Dr6_256/si2_m4Dr6_m256.07/pattern, ./data/si/si2_m4D_m4Dr6_256/si2_m4Dr6_m256.07/target, 44, 21758231, 16254215, 10748077, 20.001208, 0.210393, 20000, 210
./data/si/si2_bvg_b06m_800/si2_b06m_m800.03/pattern, ./data/si/si2_bvg_b06m_800/si2_b06m_m800.03/target, 101, 9701892, 7418351, 5418098, 20.006439, 0.596413, 20006, 596
./data/si/si6_bvg_b06m_800/si6_b06m_m800.04/pattern, ./data/si/si6_bvg_b06m_800/si6_b06m_m800.04/target, 244, 11860420, 9303880, 6751435, 20.009838, 0.411741, 20009, 411
./data/si/si4_m4D_m4Dr4_256/si4_m4Dr4_m256.04/pattern, ./data/si/si4_m4D_m4Dr4_256/si4_m4Dr4_m256.04/target, 72, 18657407, 13126919, 9146304, 20.001403, 0.626132, 20000, 626
./data/si/si4_m4D_m4Dr6_625/si4_m4Dr6_m625.04/pattern, ./data/si/si4_m4D_m4Dr6_625/si4_m4Dr6_m625.04/target, 159, 15529220, 11003803, 6474452, 20.004607, 0.014542, 20004, 14
./data/si/si2_m4D_m4Dr2_1296/si2_m4Dr2_m1296.09/pattern, ./data/si/si2_m4D_m4Dr2_1296/si2_m4Dr2_m1296.09/target, 182, 6857589, 4689721, 2478452, 20.016403, 6.533315, 20015, 6533
./data/si/si4_bvg_b06m_400/si4_b06m_m400.06/pattern, ./data/si/si4_bvg_b06m_400/si4_b06m_m400.06/target, 92, 16605922, 13252673, 10248941, 20.002655, 6.392817, 20002, 6392
./data/si/si4_m4D_m4D_256/si4_m4D_m256.00/pattern, ./data/si/si4_m4D_m4D_256/si4_m4D_m256.00/target, 78, 14351482, 7483797, 3905702, 20.001242, 9.998549, 20000, 9998
./data/si/si6_bvg_b09m_400/si6_b09m_m400.00/pattern, ./data/si/si6_bvg_b09m_400/si6_b09m_m400.00/target, 99, 22560345, 16537109, 10690073, 20.002481, 0.106089, 20002, 106
./data/si/si4_rand_r001_600/si4_r001_m600.00/pattern, ./data/si/si4_rand_r001_600/si4_r001_m600.00/target, 136, 18988817, 12779690, 6717328, 20.004799, 11.231645, 20004, 11231
./data/si/si6_bvg_b06m_400/si6_b06m_m400.08/pattern, ./data/si/si6_bvg_b06m_400/si6_b06m_m400.08/target, 129, 18481400, 15055878, 11742485, 20.002793, 19.320412, 20002, 19319
./data/si/si2_bvg_b09m_800/si2_b09m_m800.06/pattern, ./data/si/si2_bvg_b09m_800/si2_b09m_m800.06/target, 101, 11554546, 9681598, 7805714, 20.007078, 6.061344, 20006, 6061
./data/si/si2_rand_r01_600/si2_r01_m600.09/pattern, ./data/si/si2_rand_r01_600/si2_r01_m600.09/target, 31, 13719374, 7481605, 6636703, 20.006437, 0.090997, 20006, 90
./data/si/si4_rand_r01_400/si4_r01_m400.06/pattern, ./data/si/si4_rand_r01_400/si4_r01_m400.06/target, 31, 16042084, 8623045, 7812752, 20.003175, 10.088266, 20002, 10088
./data/si/si2_m4D_m4Dr2_256/si2_m4Dr2_m256.04/pattern, ./data/si/si2_m4D_m4Dr2_256/si2_m4Dr2_m256.04/target, 45, 13774339, 8819577, 4732979, 20.001142, 1.010011, 20000, 1009
./data/si/si6_bvg_b03m_800/si6_b03m_m800.06/pattern, ./data/si/si6_bvg_b03m_800/si6_b03m_m800.06/target, 336, 6182415, 5861107, 5127397, 20.022517, 9.949367, 20022, 9949
./data/si/si6_rand_r001_200/si6_r001_m200.00/pattern, ./data/si/si6_rand_r001_200/si6_r001_m200.00/target, 80, 21156336, 19611041, 18297541, 20.001139, 1.738355, 20000, 1738
./data/si/si2_rand_r005_600/si2_r005_m600.08/pattern, ./data/si/si2_rand_r005_600/si2_r005_m600.08/target, 46, 13428373, 7823220, 5732472, 20.006344, 18.898625, 20005, 18898
./data/si/si4_m4D_m4D_256/si4_m4D_m256.02/pattern, ./data/si/si4_m4D_m4D_256/si4_m4D_m256.02/target, 77, 14074536, 7263375, 2446976, 20.001146, 0.241565, 20000, 241
./data/si/si4_rand_r01_200/si4_r01_m200.01/pattern, ./data/si/si4_rand_r01_200/si4_r01_m200.01/target, 27, 18042255, 10165187, 8914404, 20.001147, 1.221600, 20000, 1221
./data/si/si2_rand_r005_400/si2_r005_m400.01/pattern, ./data/si/si2_rand_r005_400/si2_r005_m400.01/target, 45, 15094425, 10020637, 6825292, 20.002390, 13.147573, 20002, 13147
./data/si/si6_m4D_m4Dr4_625/si6_m4Dr4_m625.07/pattern, ./data/si/si6_m4D_m4Dr4_625/si6_m4Dr4_m625.07/target, 215, 18760195, 13061840, 8032690, 20.005041, 0.083018, 20004, 83
./data/si/si4_m4D_m4Dr6_1296/si4_m4Dr6_m1296.06/pattern, ./data/si/si4_m4D_m4Dr6_1296/si4_m4Dr6_m1296.06/target, 314, 8275341, 6076801, 4520078, 20.017796, 10.446462, 20017, 10446
./data/si/si4_m4D_m4D_625/si4_m4D_m625.06/pattern, ./data/si/si4_m4D_m4D_625/si4_m4D_m625.06/target, 151, 10545086, 5413207, 2480701, 20.004394, 7.148104, 20003, 7147
./data/si/si2_bvg_b06m_200/si2_b06m_m200.09/pattern, ./data/si/si2_bvg_b06m_200/si2_b06m_m200.09/target, 30, 19963912, 16140158, 13248926, 20.001036, 1.507635, 20000, 1507
./data/si/si2_bvg_b06m_400/si2_b06m_m400.03/pattern, ./data/si/si2_bvg_b06m_400/si2_b06m_m400.03/target, 67, 13134990, 9747722, 7935393, 20.002248, 16.260240, 20001, 16259
./data/si/si4_rand_r001_200/si4_r001_m200.00/pattern, ./data/si/si4_rand_r001_200/si4_r001_m200.00/target, 68, 21403068, 14833496, 8376101, 20.000760, 6.686906, 20000, 6686
./data/si/si6_m4D_m4Dr6_256/si6_m4Dr6_m256.00/pattern, ./data/si/si6_m4D_m4Dr6_256/si6_m4Dr6_m256.00/target, 86, 18808367, 12867287, 7713601, 20.001258, 2.794500, 20000, 2794
./data/si/si4_m4D_m4Dr2_256/si4_m4Dr2_m256.08/pattern, ./data/si/si4_m4D_m4Dr2_256/si4_m4Dr2_m256.08/target, 71, 21235515, 14927072, 8617976, 20.001286, 0.085764, 20000, 85
./data/si/si2_bvg_b03m_800/si2_b03m_m800.02/pattern, ./data/si/si2_bvg_b03m_800/si2_b03m_m800.02/target, 123, 8134489, 5798906, 3304751, 20.006697, 14.211616, 20006, 14211
./data/si/si6_rand_r001_600/si6_r001_m600.05/pattern, ./data/si/si6_rand_r001_600/si6_r001_m600.05/target, 161, 14503111, 8766028, 4101770, 20.004712, 12.412874, 20004, 12412
./data/si/si4_bvg_b06m_400/si4_b06m_m400.03/pattern, ./data/si/si4_bvg_b06m_400/si4_b06m_m400.03/target, 87, 10300627, 10086263, 9868585, 20.002574, 0.019584, 20002, 19
./data/si/si4_m4D_m4Dr4_1296/si4_m4Dr4_m1296.05/pattern, ./data/si/si4_m4D_m4Dr4_1296/si4_m4Dr4_m1296.05/target, 289, 9750386, 8098201, 6578682, 20.020863, 1.466796, 20020, 1466
./data/si/si4_m4D_m4Dr2_1296/si4_m4Dr2_m1296.04/pattern, ./data/si/si4_m4D_m4Dr2_1296/si4_m4Dr2_m1296.04/target, 305, 8546654, 6553646, 4735356, 20.017403, 0.280975, 20016, 280
./data/si/si4_m4D_m4Dr2_625/si4_m4Dr2_m625.05/pattern, ./data/si/si4_m4D_m4Dr2_625/si4_m4Dr2_m625.05/target, 158, 12796831, 8193613, 4769079, 20.004781, 16.891873, 20004, 16891
./data/si/si2_m4D_m4Dr2_625/si2_m4Dr2_m625.02/pattern, ./data/si/si2_m4D_m4Dr2_625/si2_m4Dr2_m625.02/target, 86, 10043936, 6810306, 4574541, 20.004419, 0.163672, 20003, 163
./data/si/si2_m4D_m4Dr4_625/si2_m4Dr4_m625.09/pattern, ./data/si/si2_m4D_m4Dr4_625/si2_m4Dr4_m625.09/target, 100, 11915896, 8446551, 5886820, 20.004612, 0.013568, 20003, 13
./data/si/si2_bvg_b03m_800/si2_b03m_m800.08/pattern, ./data/si/si2_bvg_b03m_800/si2_b03m_m800.08/target, 143, 9588877, 6549753, 3541436, 20.006689, 0.508652, 20006, 508
./data/si/si2_rand_r01_600/si2_r01_m600.01/pattern, ./data/si/si2_rand_r01_600/si2_r01_m600.01/target, 30, 14303387, 7641817, 6819715, 20.006679, 5.667595, 20006, 5667
./data/si/si6_bvg_b03m_800/si6_b03m_m800.04/pattern, ./data/si/si6_bvg_b03m_800/si6_b03m_m800.04/target, 336, 6824378, 5768860, 4534290, 20.008952, 6.566024, 20008, 6565
./data/si/si2_rand_r001_400/si2_r001_m400.05/pattern, ./data/si/si2_rand_r001_400/si2_r001_m400.05/target, 68, 20557152, 14736951, 8915825, 20.002258, 0.004670, 20002, 4
./data/si/si4_bvg_b06m_800/si4_b06m_m800.06/pattern, ./data/si/si4_bvg_b06m_800/si4_b06m_m800.06/target, 182, 5758503, 5729206, 5650137, 20.008456, 14.897232, 20008, 14896
./data/si/si6_rand_r01_600/si6_r01_m600.05/pattern, ./data/si/si6_rand_r01_600/si6_r01_m600.05/target, 35, 14229632, 7315828, 6998156, 20.006951, 13.212728, 20006, 13212
./data/si/si6_rand_r005_200/si6_r005_m200.03/pattern, ./data/si/si6_rand_r005_200/si6_r005_m200.03/target, 44, 18448021, 11293098, 8676359, 20.001000, 1.350289, 20000, 1350
./data/si/si6_rand_r005_200/si6_r005_m200.09/pattern, ./data/si/si6_rand_r005_200/si6_r005_m200.09/target, 43, 18726212, 11443356, 8667780, 20.001318, 0.846356, 20000, 846
./data/si/si4_rand_r005_400/si4_r005_m400.03/pattern, ./data/si/si4_rand_r005_400/si4_r005_m400.03/target, 50, 14661607, 8537929, 6441989, 20.002737, 7.697228, 20002, 7697
./data/si/si6_m4D_m4Dr2_256/si6_m4Dr2_m256.00/pattern, ./data/si/si6_m4D_m4Dr2_256/si6_m4Dr2_m256.00/target, 102, 15178785, 9163020, 5534655, 20.001428, 3.695768, 20000, 3695
./data/si/si4_m4D_m4Dr6_1296/si4_m4Dr6_m1296.08/pattern, ./data/si/si4_m4D_m4Dr6_1296/si4_m4Dr6_m1296.08/target, 308, 9841671, 6909167, 3927496, 20.017908, 0.339230, 20017, 339
./data/si/si4_m4D_m4Dr4_1296/si4_m4Dr4_m1296.04/pattern, ./data/si/si4_m4D_m4Dr4_1296/si4_m4Dr4_m1296.04/target, 306, 9696367, 7781948, 5844930, 20.017837, 0.087810, 20017, 87
./data/si/si2_bvg_b06m_200/si2_b06m_m200.04/pattern, ./data/si/si2_bvg_b06m_200/si2_b06m_m200.04/target, 31, 18446471, 14120213, 10363961, 20.000962, 3.704068, 20000, 3703
./data/si/si2_rand_r01_600/si2_r01_m600.02/pattern, ./data/si/si2_rand_r01_600/si2_r01_m600.02/target, 32, 13957794, 7595977, 6604498, 20.006192, 7.528586, 20005, 7528
./data/si/si6_m4D_m4D_256/si6_m4D_m256.00/pattern, ./data/si/si6_m4D_m4D_256/si6_m4D_m256.00/target, 135, 7635734, 3817832, 956632, 20.017172, 19.694574, 20000, 19678
./data/si/si4_bvg_b03m_800/si4_b03m_m800.08/pattern, ./data/si/si4_bvg_b03m_800/si4_b03m_m800.08/target, 209, 11292969, 8070720, 4834296, 20.007688, 0.042033, 20006, 42
./data/si/si2_rand_r005_200/si2_r005_m200.03/pattern, ./data/si/si2_rand_r005_200/si2_r005_m200.03/target, 35, 16702483, 11335742, 6408724, 20.000927, 16.187817, 20000, 16187
./data/si/si6_m4D_m4D_256/si6_m4D_m256.04/pattern, ./data/si/si6_m4D_m4D_256/si6_m4D_m256.04/target, 106, 11521230, 5760999, 2156473, 20.001287, 0.004442, 20000, 4
./data/si/si6_m4D_m4Dr4_625/si6_m4Dr4_m625.08/pattern, ./data/si/si6_m4D_m4Dr4_625/si6_m4Dr4_m625.08/target, 208, 11804199, 7882244, 4540055, 20.004739, 1.543140, 20004, 1543
./data/si/si2_bvg_b09m_200/si2_b09m_m200.09/pattern, ./data/si/si2_bvg_b09m_200/si2_b09m_m200.09/target, 29, 21140945, 16671765, 12509857, 20.001054, 13.972577, 20000, 13972
./data/si/si2_m4D_m4Dr6_256/si2_m4Dr6_m256.09/pattern, ./data/si/si2_m4D_m4Dr6_256/si2_m4Dr6_m256.09/target, 39, 17649371, 13602296, 9983459, 20.001239, 0.012516, 20000, 12
./data/si/si4_m4D_m4D_625/si4_m4D_m625.08/pattern, ./data/si/si4_m4D_m4D_625/si4_m4D_m625.08/target, 207, 9654430, 5899246, 2677602, 20.007344, 12.844374, 20006, 12843
./data/si/si2_m4D_m4D_625/si2_m4D_m625.01/pattern, ./data/si/si2_m4D_m4D_625/si2_m4D_m625.01/target, 115, 8370112, 4230116, 720827, 20.004027, 0.032527, 20003, 32
./data/si/si6_bvg_b06m_400/si6_b06m_m400.01/pattern, ./data/si/si6_bvg_b06m_400/si6_b06m_m400.01/target, 122, 15729145, 11559903, 7698044, 20.002403, 2.012921, 20002, 2012
./data/si/si2_m4D_m4Dr4_625/si2_m4Dr4_m625.03/pattern, ./data/si/si2_m4D_m4Dr4_625/si2_m4Dr4_m625.03/target, 103, 8695690, 4773948, 1601044, 20.003930, 4.493707, 20003, 4493
./data/si/si6_rand_r001_600/si6_r001_m600.00/pattern, ./data/si/si6_rand_r001_600/si6_r001_m600.00/target, 151, 16292800, 10497009, 6460452, 20.005073, 6.011009, 20004, 6010
./data/si/si6_bvg_b06m_800/si6_b06m_m800.01/pattern, ./data/si/si6_bvg_b06m_800/si6_b06m_m800.01/target, 440, 4819297, 2614865, 598158, 20.007179, 0.021803, 20006, 21
./data/si/si6_rand_r005_200/si6_r005_m200.07/pattern, ./data/si/si6_rand_r005_200/si6_r005_m200.07/target, 42, 18604298, 10881072, 8197399, 20.001396, 0.761887, 20000, 761
./data/si/si2_rand_r01_400/si2_r01_m400.04/pattern, ./data/si/si2_rand_r01_400/si2_r01_m400.04/target, 29, 15013604, 8258746, 6737216, 20.003237, 16.373002, 20002, 16372
./data/si/si2_rand_r001_400/si2_r001_m400.03/pattern, ./data/si/si2_rand_r001_400/si2_r001_m400.03/target, 67, 16111867, 12228935, 8344014, 20.002127, 2.829095, 20001, 2829
./data/si/si6_rand_r001_200/si6_r001_m200.04/pattern, ./data/si/si6_rand_r001_200/si6_r001_m200.04/target, 86, 19471288, 13952648, 9646167, 20.001251, 1.721421, 20000, 1721
./data/si/si4_bvg_b03m_400/si4_b03m_m400.07/pattern, ./data/si/si4_bvg_b03m_400/si4_b03m_m400.07/target, 119, 8836329, 8711443, 8567637, 20.002761, 0.060909, 20002, 60
./data/si/si2_rand_r001_400/si2_r001_m400.06/pattern, ./data/si/si2_rand_r001_400/si2_r001_m400.06/target, 67, 15947494, 11839295, 7738783, 20.002469, 1.995010, 20002, 1994
./data/si/si4_rand_r005_200/si4_r005_m200.00/pattern, ./data/si/si4_rand_r005_200/si4_r005_m200.00/target, 39, 16862085, 10148356, 8019321, 20.001049, 3.319622, 20000, 3319
./data/si/si4_m4D_m4Dr6_625/si4_m4Dr6_m625.05/pattern, ./data/si/si4_m4D_m4Dr6_625/si4_m4Dr6_m625.05/target, 161, 17470183, 13533589, 10116328, 20.008711, 0.114835, 20004, 114
./data/si/si4_m4D_m4Dr2_1296/si4_m4Dr2_m1296.03/pattern, ./data/si/si4_m4D_m4Dr2_1296/si4_m4Dr2_m1296.03/target, 315, 7822898, 5825836, 3735124, 20.017321, 1.195973, 20017, 1195
./data/si/si2_bvg_b03m_400/si2_b03m_m400.00/pattern, ./data/si/si2_bvg_b03m_400/si2_b03m_m400.00/target, 73, 13348747, 9921819, 6665996, 20.002017, 0.069959, 20001, 69
./data/si/si2_m4D_m4Dr6_625/si2_m4Dr6_m625.05/pattern, ./data/si/si2_m4D_m4Dr6_625/si2_m4Dr6_m625.05/target, 89, 14687761, 10216707, 8476701, 20.005176, 17.311431, 20005, 17311
./data/si/si2_m4D_m4Dr2_625/si2_m4Dr2_m625.07/pattern, ./data/si/si2_m4D_m4Dr2_625/si2_m4Dr2_m625.07/target, 91, 9469368, 7981761, 6488503, 20.005928, 0.040210, 20005, 40
./data/si/si2_rand_r005_400/si2_r005_m400.03/pattern, ./data/si/si2_rand_r005_400/si2_r005_m400.03/target, 44, 14441489, 9517470, 6566429, 20.002375, 2.908996, 20002, 2908
./data/si/si4_rand_r01_200/si4_r01_m200.09/pattern, ./data/si/si4_rand_r01_200/si4_r01_m200.09/target, 27, 17812931, 9840579, 8592228, 20.001188, 7.062884, 20000, 7062
./data/si/si2_bvg_b06m_400/si2_b06m_m400.01/pattern, ./data/si/si2_bvg_b06m_400/si2_b06m_m400.01/target, 59, 15757107, 10492642, 5259673, 20.002154, 16.070104, 20001, 16069
./data/si/si6_m4D_m4Dr2_625/si6_m4Dr2_m625.00/pattern, ./data/si/si6_m4D_m4Dr2_625/si6_m4Dr2_m625.00/target, 233, 14245054, 10216424, 6189117, 20.004521, 0.038233, 20004, 38
./data/si/si6_bvg_b03m_200/si6_b03m_m200.01/pattern, ./data/si/si6_bvg_b03m_200/si6_b03m_m200.01/target, 92, 20107018, 12697715, 5511813, 20.000796, 9.488508, 20000, 9488
./data/si/si2_m4D_m4Dr6_625/si2_m4Dr6_m625.01/pattern, ./data/si/si2_m4D_m4Dr6_625/si2_m4Dr6_m625.01/target, 83, 13221890, 10554014, 7883708, 20.004218, 0.008079, 20003, 8
./data/si/si4_m4D_m4Dr2_256/si4_m4Dr2_m256.00/pattern, ./data/si/si4_m4D_m4Dr2_256/si4_m4Dr2_m256.00/target, 81, 13930453, 8427132, 5025927, 20.001258, 4.077444, 20000, 4077
./data/si/si2_m4D_m4Dr2_625/si2_m4Dr2_m625.03/pattern, ./data/si/si2_m4D_m4Dr2_625/si2_m4Dr2_m625.03/target, 94, 11659210, 8031335, 4437136, 20.004292, 0.129454, 20003, 129
./data/si/si6_bvg_b09m_400/si6_b09m_m400.07/pattern, ./data/si/si6_bvg_b09m_400/si6_b09m_m400.07/target, 105, 19692593, 14889831, 10770157, 20.002727, 0.005771, 20002, 5
./data/si/si4_bvg_b09m_200/si4_b09m_m200.00/pattern, ./data/si/si4_bvg_b09m_200/si4_b09m_m200.00/target, 49, 19442032, 13951519, 9598166, 20.001740, 11.725284, 20001, 11724
./data/si/si4_m4D_m4D_1296/si4_m4D_m1296.06/pattern, ./data/si/si4_m4D_m4D_1296/si4_m4D_m1296.06/target, 375, 5672064, 2843125, 448627, 20.018810, 2.200443, 20017, 2200
./data/si/si6_rand_r001_200/si6_r001_m200.06/pattern, ./data/si/si6_rand_r001_200/si6_r001_m200.06/target, 82, 18094722, 11884331, 6956631, 20.001433, 3.680374, 20000, 3680
./data/si/si2_rand_r01_400/si2_r01_m400.03/pattern, ./data/si/si2_rand_r01_400/si2_r01_m400.03/target, 30, 15885498, 9135017, 7180964, 20.003392, 14.210481, 20002, 14210
./data/si/si2_m4D_m4Dr2_1296/si2_m4Dr2_m1296.06/pattern, ./data/si/si2_m4D_m4Dr2_1296/si2_m4Dr2_m1296.06/target, 174, 7082388, 5296315, 3462110, 20.015951, 1.005022, 20015, 1004
./data/si/si4_rand_r001_400/si4_r001_m400.08/pattern, ./data/si/si4_rand_r001_400/si4_r001_m400.08/target, 109, 16431836, 11238799, 6612887, 20.006461, 0.033393, 20001, 33
./data/si/si6_rand_r01_200/si6_r01_m200.09/pattern, ./data/si/si6_rand_r01_200/si6_r01_m200.09/target, 29, 18084449, 10109418, 8817273, 20.001031, 3.196761, 20000, 3196
./data/si/si4_m4D_m4D_1296/si4_m4D_m1296.02/pattern, ./data/si/si4_m4D_m4D_1296/si4_m4D_m1296.02/target, 431, 6102374, 4261170, 1500088, 20.033483, 4.980396, 20033, 4980
./data/si/si2_bvg_b09m_400/si2_b09m_m400.04/pattern, ./data/si/si2_bvg_b09m_400/si2_b09m_m400.04/target, 54, 15690734, 11251154, 6809525, 20.002369, 0.006032, 20001, 6
./data/si/si6_bvg_b09m_400/si6_b09m_m400.08/pattern, ./data/si/si6_bvg_b09m_400/si6_b09m_m400.08/target, 102, 21014109, 14136182, 8025340, 20.002623, 0.005343, 20002, 5
./data/si/si6_m4D_m4Dr2_1296/si6_m4Dr2_m1296.07/pattern, ./data/si/si6_m4D_m4Dr2_1296/si6_m4Dr2_m1296.07/target, 471, 10954092, 7123858, 3397177, 20.017988, 0.155311, 20017, 155
./data/si/si2_m4D_m4Dr2_625/si2_m4Dr2_m625.05/pattern, ./data/si/si2_m4D_m4Dr2_625/si2_m4Dr2_m625.05/target, 96, 12505789, 9954761, 7437593, 20.004234, 0.042858, 20003, 42
./data/si/si4_bvg_b09m_400/si4_b09m_m400.03/pattern, ./data/si/si4_bvg_b09m_400/si4_b09m_m400.03/target, 82, 15904434, 14146008, 12523166, 20.002371, 19.208911, 20002, 19208
./data/si/si6_m4D_m4Dr6_625/si6_m4Dr6_m625.00/pattern, ./data/si/si6_m4D_m4Dr6_625/si6_m4Dr6_m625.00/target, 320, 4444500, 2222269, 381590, 20.004613, 0.013332, 20004, 13
./data/si/si2_rand_r001_600/si2_r001_m600.07/pattern, ./data/si/si2_rand_r001_600/si2_r001_m600.07/target, 89, 17387334, 13474450, 9573646, 20.004500, 0.540025, 20004, 540
./data/si/si6_m4D_m4Dr4_256/si6_m4Dr4_m256.06/pattern, ./data/si/si6_m4D_m4Dr4_256/si6_m4Dr4_m256.06/target, 89, 18642146, 12471942, 8320294, 20.001377, 14.616469, 20000, 14616
./data/si/si2_bvg_b03m_800/si2_b03m_m800.05/pattern, ./data/si/si2_bvg_b03m_800/si2_b03m_m800.05/target, 123, 9181452, 5998677, 2699838, 20.006541, 0.574738, 20006, 574
./data/si/si2_rand_r01_400/si2_r01_m400.00/pattern, ./data/si/si2_rand_r01_400/si2_r01_m400.00/target, 28, 14899286, 8236281, 7222057, 20.003359, 4.208623, 20002, 4208
./data/si/si2_bvg_b06m_800/si2_b06m_m800.00/pattern, ./data/si/si2_bvg_b06m_800/si2_b06m_m800.00/target, 104, 10488913, 8957117, 7396360, 20.006911, 0.283114, 20006, 283
./data/si/si4_rand_r005_600/si4_r005_m600.04/pattern, ./data/si/si4_rand_r005_600/si4_r005_m600.04/target, 51, 14317082, 8361977, 6442753, 20.005206, 15.079684, 20004, 15079
./data/si/si4_bvg_b06m_800/si4_b06m_m800.00/pattern, ./data/si/si4_bvg_b06m_800/si4_b06m_m800.00/target, 176, 13768875, 11046817, 9184496, 20.007586, 4.329518, 20007, 4329
./data/si/si6_bvg_b03m_400/si6_b03m_m400.05/pattern, ./data/si/si6_bvg_b03m_400/si6_b03m_m400.05/target, 222, 17603987, 11223188, 6798893, 20.002383, 15.248735, 20001, 15248
./data/si/si4_rand_r005_200/si4_r005_m200.06/pattern, ./data/si/si4_rand_r005_200/si4_r005_m200.06/target, 41, 17591240, 10960312, 7749120, 20.000962, 1.922379, 20000, 1922
./data/si/si6_rand_r005_600/si6_r005_m600.01/pattern, ./data/si/si6_rand_r005_600/si6_r005_m600.01/target, 57, 14691736, 8560882, 6517700, 20.005698, 2.065708, 20005, 2065
./data/si/si6_m4D_m4Dr4_625/si6_m4Dr4_m625.05/pattern, ./data/si/si6_m4D_m4Dr4_625/si6_m4Dr4_m625.05/target, 222, 15261164, 12712989, 10154887, 20.005224, 15.730226, 20004, 15729
./data/si/si4_m4D_m4D_1296/si4_m4D_m1296.08/pattern, ./data/si/si4_m4D_m4D_1296/si4_m4D_m1296.08/target, 413, 6355200, 4272665, 1245445, 20.024669, 13.848102, 20024, 13847
./data/si/si4_m4D_m4Dr6_625/si4_m4Dr6_m625.07/pattern, ./data/si/si4_m4D_m4Dr6_625/si4_m4Dr6_m625.07/target, 147, 16168067, 11448764, 6810229, 20.004859, 2.356811, 20004, 2356
./data/si/si4_m4D_m4Dr4_625/si4_m4Dr4_m625.04/pattern, ./data/si/si4_m4D_m4Dr4_625/si4_m4Dr4_m625.04/target, 162, 17408095, 13518989, 9625182, 20.004915, 0.022925, 20004, 22
./data/si/si4_bvg_b09m_400/si4_b09m_m400.01/pattern, ./data/si/si4_bvg_b09m_400/si4_b09m_m400.01/target, 83, 21282332, 15481243, 9808304, 20.002408, 0.382051, 20002, 382
./data/si/si2_bvg_b09m_200/si2_b09m_m200.04/pattern, ./data/si/si2_bvg_b09m_200/si2_b09m_m200.04/target, 33, 17882310, 14759988, 11716115, 20.000807, 19.928824, 20000, 19928
./data/si/si4_bvg_b03m_800/si4_b03m_m800.04/pattern, ./data/si/si4_bvg_b03m_800/si4_b03m_m800.04/target, 204, 10427628, 7221349, 3914464, 20.007089, 0.429826, 20006, 429
./data/si/si6_rand_r001_600/si6_r001_m600.03/pattern, ./data/si/si6_rand_r001_600/si6_r001_m600.03/target, 153, 21915044, 17893492, 14422465, 20.005143, 0.014310, 20004, 14
./data/si/si2_rand_r001_600/si2_r001_m600.03/pattern, ./data/si/si2_rand_r001_600/si2_r001_m600.03/target, 93, 15228105, 11813593, 8427603, 20.005990, 1.507018, 20005, 1506
./data/si/si2_m4D_m4Dr6_256/si2_m4Dr6_m256.04/pattern, ./data/si/si2_m4D_m4Dr6_256/si2_m4Dr6_m256.04/target, 43, 15542336, 11206599, 7224856, 20.001395, 0.241952, 20000, 241
./data/si/si2_rand_r01_200/si2_r01_m200.00/pattern, ./data/si/si2_rand_r01_200/si2_r01_m200.00/target, 26, 16743050, 10339672, 7107070, 20.001184, 9.787069, 20000, 9786
./data/si/si6_rand_r005_600/si6_r005_m600.07/pattern, ./data/si/si6_rand_r005_600/si6_r005_m600.07/target, 54, 14182510, 7794100, 6451942, 20.005851, 0.196034, 20005, 196
./data/si/si2_rand_r001_600/si2_r001_m600.09/pattern, ./data/si/si2_rand_r001_600/si2_r001_m600.09/target, 91, 15525526, 11172788, 6830308, 20.004700, 1.657478, 20004, 1657
./data/si/si4_rand_r001_600/si4_r001_m600.03/pattern, ./data/si/si4_rand_r001_600/si4_r001_m600.03/target, 136, 12427334, 8017708, 4589009, 20.004606, 19.056857, 20004, 19056
./data/si/si2_rand_r001_400/si2_r001_m400.09/pattern, ./data/si/si2_rand_r001_400/si2_r001_m400.09/target, 65, 15450750, 11730372, 8025935, 20.002250, 0.004199, 20001, 4
./data/si/si6_m4D_m4Dr2_625/si6_m4Dr2_m625.06/pattern, ./data/si/si6_m4D_m4Dr2_625/si6_m4Dr2_m625.06/target, 218, 15892149, 11566451, 7343328, 20.004706, 0.051686, 20004, 51
./data/si/si6_rand_r01_400/si6_r01_m400.04/pattern, ./data/si/si6_rand_r01_400/si6_r01_m400.04/target, 32, 16578082, 8841640, 8142815, 20.003568, 6.738713, 20003, 6738
./data/si/si2_m4D_m4Dr6_1296/si2_m4Dr6_m1296.06/pattern, ./data/si/si2_m4D_m4Dr6_1296/si2_m4Dr6_m1296.06/target, 158, 7180421, 5926333, 4631443, 20.016331, 2.421229, 20015, 2421
./data/si/si2_bvg_b06m_800/si2_b06m_m800.04/pattern, ./data/si/si2_bvg_b06m_800/si2_b06m_m800.04/target, 121, 10464016, 8974127, 7569178, 20.007007, 12.777456, 20006, 12777
./data/si/si4_bvg_b03m_200/si4_b03m_m200.00/pattern, ./data/si/si4_bvg_b03m_200/si4_b03m_m200.00/target, 69, 15695306, 14281751, 12865697, 20.000988, 2.950293, 20000, 2950
./data/si/si2_bvg_b09m_400/si2_b09m_m400.02/pattern, ./data/si/si2_bvg_b09m_400/si2_b09m_m400.02/target, 48, 15353674, 12015580, 9327385, 20.002371, 13.329183, 20001, 13328
./data/si/si4_bvg_b03m_200/si4_b03m_m200.05/pattern, ./data/si/si4_bvg_b03m_200/si4_b03m_m200.05/target, 70, 18291292, 12594256, 7118543, 20.001019, 17.348932, 20000, 17348
./data/si/si6_rand_r001_200/si6_r001_m200.08/pattern, ./data/si/si6_rand_r001_200/si6_r001_m200.08/target, 82, 22178504, 15450556, 9498112, 20.000976, 9.613394, 20000, 9613
./data/si/si4_m4D_m4Dr4_625/si4_m4Dr4_m625.02/pattern, ./data/si/si4_m4D_m4Dr4_625/si4_m4Dr4_m625.02/target, 153, 12504607, 10158502, 7969673, 20.004421, 0.022354, 20004, 22
./data/si/si4_rand_r005_200/si4_r005_m200.04/pattern, ./data/si/si4_rand_r005_200/si4_r005_m200.04/target, 41, 18389070, 11728810, 8863263, 20.001235, 18.883626, 20000, 18883
./data/si/si4_bvg_b03m_800/si4_b03m_m800.07/pattern, ./data/si/si4_bvg_b03m_800/si4_b03m_m800.07/target, 284, 11342229, 7728671, 4079048, 20.006907, 0.139167, 20006, 139
./data/si/si6_m4D_m4Dr4_256/si6_m4Dr4_m256.07/pattern, ./data/si/si6_m4D_m4Dr4_256/si6_m4Dr4_m256.07/target, 93, 21040468, 13842450, 7910218, 20.001349, 0.024795, 20000, 24
./data/si/si6_m4D_m4D_1296/si6_m4D_m1296.06/pattern, ./data/si/si6_m4D_m4D_1296/si6_m4D_m1296.06/target, 578, 7113515, 4562117, 1760767, 20.076796, 19.945875, 20076, 19945
./data/si/si4_m4D_m4Dr6_256/si4_m4Dr6_m256.03/pattern, ./data/si/si4_m4D_m4Dr6_256/si4_m4Dr6_m256.03/target, 56, 23018304, 17059195, 11128486, 20.001434, 0.028220, 20000, 28
./data/si/si4_rand_r001_200/si4_r001_m200.09/pattern, ./data/si/si4_rand_r001_200/si4_r001_m200.09/target, 60, 17675696, 17189073, 16707193, 20.001099, 16.790920, 20000, 16790
./data/si/si2_rand_r01_600/si2_r01_m600.05/pattern, ./data/si/si2_rand_r01_600/si2_r01_m600.05/target, 31, 14225180, 7667614, 6528416, 20.007597, 17.083564, 20007, 17083
./data/si/si4_bvg_b09m_800/si4_b09m_m800.01/pattern, ./data/si/si4_bvg_b09m_800/si4_b09m_m800.01/target, 148, 16916637, 12727211, 10956248, 20.007613, 0.340298, 20007, 340
./data/si/si4_rand_r01_600/si4_r01_m600.08/pattern, ./data/si/si4_rand_r01_600/si4_r01_m600.08/target, 33, 14306072, 7562979, 6881113, 20.006493, 0.582238, 20006, 582
./data/si/si2_m4D_m4Dr6_1296/si2_m4Dr6_m1296.01/pattern, ./data/si/si2_m4D_m4Dr6_1296/si2_m4Dr6_m1296.01/target, 174, 7155049, 5999376, 4748896, 20.016356, 0.433692, 20016, 433
./data/si/si4_bvg_b03m_800/si4_b03m_m800.02/pattern, ./data/si/si4_bvg_b03m_800/si4_b03m_m800.02/target, 276, 11739933, 7521599, 3245071, 20.006946, 16.222129, 20006, 16221
./data/si/si4_m4D_m4D_256/si4_m4D_m256.06/pattern, ./data/si/si4_m4D_m4D_256/si4_m4D_m256.06/target, 80, 11383213, 5730156, 1786297, 20.001224, 3.038946, 20000, 3038
./data/si/si2_m4D_m4Dr4_625/si2_m4Dr4_m625.02/pattern, ./data/si/si2_m4D_m4Dr4_625/si2_m4Dr4_m625.02/target, 94, 11269497, 8884589, 7002283, 20.004217, 0.071902, 20003, 71
./data/si/si6_m4D_m4Dr4_1296/si6_m4Dr4_m1296.06/pattern, ./data/si/si6_m4D_m4Dr4_1296/si6_m4Dr4_m1296.06/target, 435, 10489908, 7179318, 3899960, 20.018946, 8.922647, 20018, 8922
./data/si/si2_rand_r01_400/si2_r01_m400.01/pattern, ./data/si/si2_rand_r01_400/si2_r01_m400.01/target, 29, 15072125, 8440350, 6708867, 20.003582, 1.025740, 20002, 1025
./data/si/si6_rand_r01_600/si6_r01_m600.09/pattern, ./data/si/si6_rand_r01_600/si6_r01_m600.09/target, 34, 14651560, 7548816, 6990021, 20.007100, 0.078768, 20006, 78
./data/si/si6_rand_r01_400/si6_r01_m400.09/pattern, ./data/si/si6_rand_r01_400/si6_r01_m400.09/target, 32, 15253848, 7904407, 7418011, 20.003520, 3.274653, 20003, 3274
./data/si/si4_m4D_m4Dr4_625/si4_m4Dr4_m625.05/pattern, ./data/si/si4_m4D_m4Dr4_625/si4_m4Dr4_m625.05/target, 148, 13748904, 9657513, 5585186, 20.004304, 0.040441, 20004, 40
./data/si/si6_bvg_b03m_200/si6_b03m_m200.05/pattern, ./data/si/si6_bvg_b03m_200/si6_b03m_m200.05/target, 82, 18776468, 13463518, 8227789, 20.000861, 0.004884, 20000, 4
./data/si/si4_rand_r01_400/si4_r01_m400.05/pattern, ./data/si/si4_rand_r01_400/si4_r01_m400.05/target, 31, 15798233, 8396915, 7535829, 20.003118, 15.251238, 20002, 15251
./data/si/si6_bvg_b03m_400/si6_b03m_m400.06/pattern, ./data/si/si6_bvg_b03m_400/si6_b03m_m400.06/target, 168, 13924526, 9580995, 5241573, 20.002280, 2.687629, 20002, 2687
./data/si/si2_m4D_m4Dr2_625/si2_m4Dr2_m625.09/pattern, ./data/si/si2_m4D_m4Dr2_625/si2_m4Dr2_m625.09/target, 82, 13138000, 8984776, 6957857, 20.003942, 0.146715, 20003, 146
./data/si/si4_rand_r001_600/si4_r001_m600.08/pattern, ./data/si/si4_rand_r001_600/si4_r001_m600.08/target, 128, 18739037, 12498588, 7248129, 20.004694, 0.642132, 20004, 642
./data/si/si6_m4D_m4D_625/si6_m4D_m625.09/pattern, ./data/si/si6_m4D_m4D_625/si6_m4D_m625.09/target, 346, 10220443, 6104567, 2494865, 20.004346, 18.479360, 20004, 18479
./data/si/si6_m4D_m4D_1296/si6_m4D_m1296.07/pattern, ./data/si/si6_m4D_m4D_1296/si6_m4D_m1296.07/target, 586, 8222176, 5264677, 2087108, 20.048254, 19.153930, 20047, 19153
./data/si/si2_rand_r01_600/si2_r01_m600.04/pattern, ./data/si/si2_rand_r01_600/si2_r01_m600.04/target, 31, 13304147, 7170591, 6327859, 20.006303, 1.712828, 20006, 1712
./data/si/si2_bvg_b06m_200/si2_b06m_m200.08/pattern, ./data/si/si2_bvg_b06m_200/si2_b06m_m200.08/target, 32, 18560281, 13661586, 9056308, 20.000667, 2.037243, 20000, 2037
./data/si/si4_rand_r001_400/si4_r001_m400.01/pattern, ./data/si/si4_rand_r001_400/si4_r001_m400.01/target, 110, 20203464, 15078155, 10085076, 20.002284, 0.006196, 20002, 6
./data/si/si4_bvg_b09m_800/si4_b09m_m800.09/pattern, ./data/si/si4_bvg_b09m_800/si4_b09m_m800.09/target, 157, 15368092, 11655164, 8477282, 20.007972, 0.022411, 20007, 22
./data/si/si2_m4D_m4Dr2_625/si2_m4Dr2_m625.08/pattern, ./data/si/si2_m4D_m4Dr2_625/si2_m4Dr2_m625.08/target, 87, 10297387, 6414326, 3301830, 20.004012, 17.731103, 20003, 17730
./data/si/si4_rand_r01_600/si4_r01_m600.00/pattern, ./data/si/si4_rand_r01_600/si4_r01_m600.00/target, 34, 13871534, 7346725, 6785524, 20.006849, 2.705389, 20006, 2705
./data/si/si4_rand_r001_400/si4_r001_m400.02/pattern, ./data/si/si4_rand_r001_400/si4_r001_m400.02/target, 102, 15946787, 10445893, 5668833, 20.002940, 0.113042, 20002, 113
./data/si/si2_m4D_m4Dr4_256/si2_m4Dr4_m256.02/pattern, ./data/si/si2_m4D_m4Dr4_256/si2_m4Dr4_m256.02/target, 51, 6051347, 4001683, 2178405, 8.619669, 8.618882, 8619, 8618
./data/si/si4_rand_r001_600/si4_r001_m600.01/pattern, ./data/si/si4_rand_r001_600/si4_r001_m600.01/target, 132, 16473094, 11042175, 5960831, 20.004488, 14.257742, 20004, 14257
./data/si/si6_m4D_m4Dr2_1296/si6_m4Dr2_m1296.03/pattern, ./data/si/si6_m4D_m4Dr2_1296/si6_m4Dr2_m1296.03/target, 437, 10201363, 7437255, 4567835, 20.017786, 1.727885, 20017, 1727
./data/si/si6_m4D_m4Dr6_1296/si6_m4Dr6_m1296.03/pattern, ./data/si/si6_m4D_m4Dr6_1296/si6_m4Dr6_m1296.03/target, 413, 11712126, 7718069, 4388519, 20.018657, 0.134462, 20018, 134
./data/si/si2_bvg_b06m_200/si2_b06m_m200.02/pattern, ./data/si/si2_bvg_b06m_200/si2_b06m_m200.02/target, 32, 18340748, 15024107, 11708780, 20.000688, 4.362964, 20000, 4362
./data/si/si6_bvg_b03m_800/si6_b03m_m800.00/pattern, ./data/si/si6_bvg_b03m_800/si6_b03m_m800.00/target, 412, 13986125, 10929004, 7849216, 20.007665, 15.390732, 20007, 15390
./data/si/si2_m4D_m4Dr6_256/si2_m4Dr6_m256.08/pattern, ./data/si/si2_m4D_m4Dr6_256/si2_m4Dr6_m256.08/target, 43, 18434222, 13494877, 8554379, 20.001085, 3.384552, 20000, 3384
./data/si/si4_bvg_b06m_800/si4_b06m_m800.01/pattern, ./data/si/si4_bvg_b06m_800/si4_b06m_m800.01/target, 189, 11860926, 7867746, 4692753, 20.007282, 0.108023, 20007, 108
./data/si/si6_bvg_b09m_800/si6_b09m_m800.09/pattern, ./data/si/si6_bvg_b09m_800/si6_b09m_m800.09/target, 198, 17765765, 13775591, 10264135, 20.007715, 0.021430, 20007, 21
./data/si/si2_rand_r01_400/si2_r01_m400.05/pattern, ./data/si/si2_rand_r01_400/si2_r01_m400.05/target, 29, 14682718, 8350296, 7070385, 20.003088, 3.716305, 20002, 3716
./data/si/si4_rand_r01_400/si4_r01_m400.07/pattern, ./data/si/si4_rand_r01_400/si4_r01_m400.07/target, 31, 15585587, 8236430, 7433515, 20.003363, 6.056470, 20002, 6056
./data/si/si6_bvg_b06m_400/si6_b06m_m400.06/pattern, ./data/si/si6_bvg_b06m_400/si6_b06m_m400.06/target, 126, 18105415, 13859406, 9674672, 20.002833, 9.774332, 20002, 9773
./data/si/si2_rand_r01_400/si2_r01_m400.06/pattern, ./data/si/si2_rand_r01_400/si2_r01_m400.06/target, 32, 15524118, 8805394, 7144027, 20.003565, 19.969199, 20002, 19968
./data/si/si2_bvg_b09m_200/si2_b09m_m200.02/pattern, ./data/si/si2_bvg_b09m_200/si2_b09m_m200.02/target, 33, 21075874, 15759589, 10515232, 20.000940, 12.964852, 20000, 12964
./data/si/si2_rand_r01_200/si2_r01_m200.08/pattern, ./data/si/si2_rand_r01_200/si2_r01_m200.08/target, 24, 16456623, 9870638, 7176566, 20.001368, 5.358796, 20000, 5358
./data/si/si4_m4D_m4D_1296/si4_m4D_m1296.03/pattern, ./data/si/si4_m4D_m4D_1296/si4_m4D_m1296.03/target, 416, 5558548, 4369681, 1429365, 20.028766, 9.177618, 20028, 9177
./data/si/si6_m4D_m4Dr4_1296/si6_m4Dr4_m1296.05/pattern, ./data/si/si6_m4D_m4Dr4_1296/si6_m4Dr4_m1296.05/target, 434, 11670224, 8067385, 5094289, 20.018951, 9.575109, 20018, 9574
./data/si/si6_bvg_b06m_400/si6_b06m_m400.09/pattern, ./data/si/si6_bvg_b06m_400/si6_b06m_m400.09/target, 133, 13167981, 12384342, 11741069, 20.010485, 1.368096, 20002, 1368
./data/si/si6_m4D_m4Dr6_256/si6_m4Dr6_m256.01/pattern, ./data/si/si6_m4D_m4Dr6_256/si6_m4Dr6_m256.01/target, 92, 20514410, 13890238, 8289614, 20.001374, 3.012889, 20000, 3012
./data/si/si6_m4D_m4D_625/si6_m4D_m625.01/pattern, ./data/si/si6_m4D_m4D_625/si6_m4D_m625.01/target, 325, 7222459, 3611105, 431326, 20.004757, 0.013609, 20004, 13
./data/si/si4_m4D_m4Dr6_256/si4_m4Dr6_m256.05/pattern, ./data/si/si4_m4D_m4Dr6_256/si4_m4Dr6_m256.05/target, 74, 19812789, 13948435, 8658432, 20.001349, 18.518590, 20000, 18518
./data/si/si6_m4D_m4Dr6_256/si6_m4Dr6_m256.05/pattern, ./data/si/si6_m4D_m4Dr6_256/si6_m4Dr6_m256.05/target, 95, 38585566, 28773466, 18967737, 20.001567, 0.394634, 20001, 394
./data/si/si2_m4D_m4Dr4_256/si2_m4Dr4_m256.09/pattern, ./data/si/si2_m4D_m4Dr4_256/si2_m4Dr4_m256.09/target, 51, 11602278, 8326269, 5408490, 14.909449, 14.908603, 14909, 14908
./data/si/si4_bvg_b09m_800/si4_b09m_m800.03/pattern, ./data/si/si4_bvg_b09m_800/si4_b09m_m800.03/target, 176, 13752911, 10716752, 7676157, 20.008781, 8.555970, 20008, 8555
./data/si/si2_bvg_b06m_800/si2_b06m_m800.09/pattern, ./data/si/si2_bvg_b06m_800/si2_b06m_m800.09/target, 103, 11781052, 8251707, 4688599, 20.006873, 0.184204, 20006, 184
./data/si/si4_rand_r001_600/si4_r001_m600.05/pattern, ./data/si/si4_rand_r001_600/si4_r001_m600.05/target, 133, 16708500, 12101331, 8151566, 20.004791, 3.585893, 20004, 3585
./data/si/si6_m4D_m4Dr6_1296/si6_m4Dr6_m1296.09/pattern, ./data/si/si6_m4D_m4Dr6_1296/si6_m4Dr6_m1296.09/target, 393, 13466722, 9723603, 6535930, 20.019116, 0.115572, 20018, 115
./data/si/si4_m4D_m4Dr2_256/si4_m4Dr2_m256.02/pattern, ./data/si/si4_m4D_m4Dr2_256/si4_m4Dr2_m256.02/target, 80, 11997045, 6597472, 3381957, 20.001076, 0.013027, 20000, 13
./data/si/si4_bvg_b09m_800/si4_b09m_m800.04/pattern, ./data/si/si4_bvg_b09m_800/si4_b09m_m800.04/target, 162, 13633784, 10462737, 7387394, 20.007598, 13.901049, 20007, 13900
./data/si/si4_m4D_m4Dr4_256/si4_m4Dr4_m256.09/pattern, ./data/si/si4_m4D_m4Dr4_256/si4_m4Dr4_m256.09/target, 70, 21752966, 15075091, 9158874, 20.001118, 4.435066, 20000, 4435
./data/si/si4_bvg_b06m_400/si4_b06m_m400.04/pattern, ./data/si/si4_bvg_b06m_400/si4_b06m_m400.04/target, 98, 15757529, 12994214, 10235926, 20.002550, 2.726488, 20001, 2726
./data/si/si2_rand_r01_600/si2_r01_m600.03/pattern, ./data/si/si2_rand_r01_600/si2_r01_m600.03/target, 31, 13731518, 7459413, 6288463, 20.008038, 4.451384, 20007, 4451
./data/si/si4_m4D_m4D_625/si4_m4D_m625.00/pattern, ./data/si/si4_m4D_m4D_625/si4_m4D_m625.00/target, 153, 9392606, 4806219, 2092162, 20.004188, 3.414517, 20003, 3414
./data/si/si2_bvg_b06m_400/si2_b06m_m400.05/pattern, ./data/si/si2_bvg_b06m_400/si2_b06m_m400.05/target, 55, 14712755, 11862380, 9992059, 20.002284, 2.351796, 20001, 2351
./data/si/si2_rand_r005_600/si2_r005_m600.00/pattern, ./data/si/si2_rand_r005_600/si2_r005_m600.00/target, 46, 13802362, 8624747, 6403315, 20.005028, 18.335675, 20004, 18335
./data/si/si6_m4D_m4Dr6_256/si6_m4Dr6_m256.03/pattern, ./data/si/si6_m4D_m4Dr6_256/si6_m4Dr6_m256.03/target, 87, 16351113, 10821966, 7054212, 20.001199, 0.503472, 20000, 503
./data/si/si6_m4D_m4Dr6_256/si6_m4Dr6_m256.09/pattern, ./data/si/si6_m4D_m4Dr6_256/si6_m4Dr6_m256.09/target, 92, 21396785, 15103670, 9774854, 20.009413, 11.619564, 20000, 11619
./data/si/si6_m4D_m4Dr4_1296/si6_m4Dr4_m1296.04/pattern, ./data/si/si6_m4D_m4Dr4_1296/si6_m4Dr4_m1296.04/target, 418, 11504291, 6841717, 2237836, 20.018404, 17.917022, 20018, 17916
./data/si/si6_m4D_m4Dr4_1296/si6_m4Dr4_m1296.00/pattern, ./data/si/si6_m4D_m4Dr4_1296/si6_m4Dr4_m1296.00/target, 428, 9195266, 6052923, 3590448, 20.017767, 0.257415, 20017, 257
./data/si/si6_m4D_m4D_1296/si6_m4D_m1296.04/pattern, ./data/si/si6_m4D_m4D_1296/si6_m4D_m1296.04/target, 526, 6734074, 4323586, 2116969, 20.016444, 3.137439, 20016, 3137
./data/si/si2_rand_r001_600/si2_r001_m600.00/pattern, ./data/si/si2_rand_r001_600/si2_r001_m600.00/target, 88, 19204753, 14885427, 10566356, 20.004538, 0.748282, 20004, 748
./data/si/si6_rand_r01_400/si6_r01_m400.02/pattern, ./data/si/si6_rand_r01_400/si6_r01_m400.02/target, 33, 16046549, 8402101, 7754486, 20.003656, 7.595153, 20003, 7594
./data/si/si6_rand_r005_400/si6_r005_m400.06/pattern, ./data/si/si6_rand_r005_400/si6_r005_m400.06/target, 52, 15874551, 9349425, 7432008, 20.002612, 0.300995, 20002, 300
./data/si/si2_bvg_b09m_400/si2_b09m_m400.01/pattern, ./data/si/si2_bvg_b09m_400/si2_b09m_m400.01/target, 65, 14497418, 11230611, 7955870, 20.001924, 0.017789, 20001, 17
./data/si/si6_bvg_b09m_200/si6_b09m_m200.08/pattern, ./data/si/si6_bvg_b09m_200/si6_b09m_m200.08/target, 59, 25520627, 18912089, 13370810, 20.000799, 6.501335, 20000, 6501
./data/si/si2_bvg_b06m_400/si2_b06m_m400.09/pattern, ./data/si/si2_bvg_b06m_400/si2_b06m_m400.09/target, 52, 14033368, 11582718, 9423500, 20.002613, 0.004730, 20001, 4
./data/si/si6_rand_r005_200/si6_r005_m200.06/pattern, ./data/si/si6_rand_r005_200/si6_r005_m200.06/target, 46, 18976037, 11414016, 8751621, 20.001097, 17.722515, 20000, 17722
./data/si/si4_rand_r005_600/si4_r005_m600.02/pattern, ./data/si/si4_rand_r005_600/si4_r005_m600.02/target, 52, 14109715, 8072337, 6475666, 20.005376, 10.822238, 20004, 10821
./data/si/si2_m4D_m4Dr4_625/si2_m4Dr4_m625.07/pattern, ./data/si/si2_m4D_m4Dr4_625/si2_m4Dr4_m625.07/target, 89, 13199503, 10191129, 8161928, 20.004054, 0.015766, 20003, 15
./data/si/si4_m4D_m4Dr6_625/si4_m4Dr6_m625.00/pattern, ./data/si/si4_m4D_m4Dr6_625/si4_m4Dr6_m625.00/target, 153, 12341817, 8428600, 5248258, 20.004945, 7.871652, 20004, 7871
./data/si/si6_bvg_b06m_400/si6_b06m_m400.02/pattern, ./data/si/si6_bvg_b06m_400/si6_b06m_m400.02/target, 136, 16115832, 12568590, 9018185, 20.002401, 2.242054, 20002, 2241
./data/si/si2_m4D_m4D_1296/si2_m4D_m1296.02/pattern, ./data/si/si2_m4D_m4D_1296/si2_m4D_m1296.02/target, 197, 6231576, 3213500, 831899, 20.017382, 18.451138, 20016, 18450
./data/si/si2_m4D_m4Dr4_1296/si2_m4Dr4_m1296.04/pattern, ./data/si/si2_m4D_m4Dr4_1296/si2_m4Dr4_m1296.04/target, 180, 6919477, 5616660, 4291251, 20.016277, 0.439378, 20016, 439
./data/si/si2_rand_r01_400/si2_r01_m400.02/pattern, ./data/si/si2_rand_r01_400/si2_r01_m400.02/target, 29, 15732704, 8862963, 7387692, 20.007424, 19.314038, 20002, 19309
./data/si/si4_m4D_m4Dr2_625/si4_m4Dr2_m625.01/pattern, ./data/si/si4_m4D_m4Dr2_625/si4_m4Dr2_m625.01/target, 172, 13492966, 8888605, 4748258, 20.004461, 0.510320, 20004, 510
./data/si/si4_m4D_m4Dr2_256/si4_m4Dr2_m256.03/pattern, ./data/si/si4_m4D_m4Dr2_256/si4_m4Dr2_m256.03/target, 82, 15598433, 11553259, 7905813, 20.001189, 0.506334, 20000, 506
./data/si/si6_bvg_b03m_400/si6_b03m_m400.01/pattern, ./data/si/si6_bvg_b03m_400/si6_b03m_m400.01/target, 165, 9152216, 8317342, 7446220, 20.002391, 0.076837, 20002, 76
./data/si/si6_m4D_m4D_1296/si6_m4D_m1296.08/pattern, ./data/si/si6_m4D_m4D_1296/si6_m4D_m1296.08/target, 494, 6717618, 4227316, 1613591, 20.016934, 1.631939, 20016, 1631
./data/si/si4_m4D_m4Dr6_1296/si4_m4Dr6_m1296.07/pattern, ./data/si/si4_m4D_m4Dr6_1296/si4_m4Dr6_m1296.07/target, 329, 9595592, 6541375, 3899123, 20.018119, 0.373010, 20017, 372
./data/si/si4_rand_r001_200/si4_r001_m200.02/pattern, ./data/si/si4_rand_r001_200/si4_r001_m200.02/target, 62, 21446046, 16292921, 11682360, 20.001071, 0.528387, 20000, 528
./data/si/si4_bvg_b06m_200/si4_b06m_m200.08/pattern, ./data/si/si4_bvg_b06m_200/si4_b06m_m200.08/target, 50, 22005838, 17976967, 13961545, 20.001164, 6.592438, 20000, 6592
./data/si/si4_rand_r005_600/si4_r005_m600.05/pattern, ./data/si/si4_rand_r005_600/si4_r005_m600.05/target, 54, 15253454, 9158115, 7309885, 20.005460, 1.293762, 20004, 1293
./data/si/si4_bvg_b06m_400/si4_b06m_m400.01/pattern, ./data/si/si4_bvg_b06m_400/si4_b06m_m400.01/target, 94, 11850017, 11417291, 10991166, 20.002575, 0.026556, 20002, 26
./data/si/si4_bvg_b03m_400/si4_b03m_m400.05/pattern, ./data/si/si4_bvg_b03m_400/si4_b03m_m400.05/target, 132, 15840236, 10802030, 5846802, 20.002427, 6.514247, 20001, 6513
./data/si/si6_rand_r01_200/si6_r01_m200.04/pattern, ./data/si/si6_rand_r01_200/si6_r01_m200.04/target, 28, 18842093, 10486194, 9551668, 20.001792, 0.347078, 20000, 347
./data/si/si6_bvg_b06m_200/si6_b06m_m200.01/pattern, ./data/si/si6_bvg_b06m_200/si6_b06m_m200.01/target, 72, 19453950, 14012258, 9949192, 20.001340, 11.858410, 20000, 11858
./data/si/si6_m4D_m4D_1296/si6_m4D_m1296.01/pattern, ./data/si/si6_m4D_m4D_1296/si6_m4D_m1296.01/target, 567, 8298537, 4965748, 1356928, 20.081418, 0.835631, 20080, 835
./data/si/si4_m4D_m4Dr2_256/si4_m4Dr2_m256.09/pattern, ./data/si/si4_m4D_m4Dr2_256/si4_m4Dr2_m256.09/target, 66, 18908687, 12595896, 6799314, 20.001289, 17.007590, 20000, 17007
./data/si/si6_m4D_m4Dr4_625/si6_m4Dr4_m625.01/pattern, ./data/si/si6_m4D_m4Dr4_625/si6_m4Dr4_m625.01/target, 214, 14435737, 9663148, 5517345, 20.004895, 0.032975, 20004, 32
./data/si/si4_bvg_b03m_400/si4_b03m_m400.08/pattern, ./data/si/si4_bvg_b03m_400/si4_b03m_m400.08/target, 124, 14754666, 10273337, 5913666, 20.002245, 11.345006, 20001, 11344
./data/si/si6_m4D_m4Dr4_1296/si6_m4Dr4_m1296.01/pattern, ./data/si/si6_m4D_m4Dr4_1296/si6_m4Dr4_m1296.01/target, 418, 12778373, 8258319, 3710118, 20.018264, 0.209191, 20017, 209
./data/si/si4_m4D_m4D_256/si4_m4D_m256.09/pattern, ./data/si/si4_m4D_m4D_256/si4_m4D_m256.09/target, 77, 13198675, 6926525, 3070725, 20.001292, 0.001881, 20000, 1
./data/si/si2_m4D_m4Dr4_1296/si2_m4Dr4_m1296.08/pattern, ./data/si/si2_m4D_m4Dr4_1296/si2_m4Dr4_m1296.08/target, 172, 8557990, 5397082, 3116370, 20.016383, 0.291674, 20015, 291
./data/si/si2_bvg_b09m_200/si2_b09m_m200.01/pattern, ./data/si/si2_bvg_b09m_200/si2_b09m_m200.01/target, 40, 18812149, 15017434, 11356193, 17.675429, 17.674882, 17675, 17674
./data/si/si6_rand_r005_200/si6_r005_m200.00/pattern, ./data/si/si6_rand_r005_200/si6_r005_m200.00/target, 43, 19338610, 11559489, 8994525, 20.001226, 0.301097, 20000, 301
./data/si/si2_bvg_b09m_800/si2_b09m_m800.02/pattern, ./data/si/si2_bvg_b09m_800/si2_b09m_m800.02/target, 98, 12308584, 9918400, 7533365, 20.007039, 0.414245, 20006, 414
./data/si/si2_bvg_b03m_800/si2_b03m_m800.09/pattern, ./data/si/si2_bvg_b03m_800/si2_b03m_m800.09/target, 158, 10996624, 7164500, 3317449, 20.006552, 0.079041, 20006, 79
./data/si/si6_m4D_m4Dr4_256/si6_m4Dr4_m256.00/pattern, ./data/si/si6_m4D_m4Dr4_256/si6_m4Dr4_m256.00/target, 93, 17688115, 13973973, 10991628, 20.001359, 0.827585, 20000, 827
./data/si/si4_rand_r005_600/si4_r005_m600.00/pattern, ./data/si/si4_rand_r005_600/si4_r005_m600.00/target, 53, 13715700, 7562576, 6315173, 20.005431, 15.994804, 20004, 15994
./data/si/si6_rand_r001_200/si6_r001_m200.01/pattern, ./data/si/si6_rand_r001_200/si6_r001_m200.01/target, 84, 18101383, 16260209, 14904942, 20.001104, 6.749099, 20000, 6748
./data/si/si6_rand_r005_200/si6_r005_m200.04/pattern, ./data/si/si6_rand_r005_200/si6_r005_m200.04/target, 44, 18551042, 11388193, 9117777, 20.001151, 13.108985, 20000, 13108
./data/si/si6_m4D_m4Dr6_256/si6_m4Dr6_m256.08/pattern, ./data/si/si6_m4D_m4Dr6_256/si6_m4Dr6_m256.08/target, 86, 19766844, 13424882, 8858502, 20.001426, 5.087124, 20000, 5087
./data/si/si6_rand_r005_400/si6_r005_m400.07/pattern, ./data/si/si6_rand_r005_400/si6_r005_m400.07/target, 52, 15842010, 8866788, 7284652, 20.002886, 0.549288, 20002, 549
./data/si/si6_m4D_m4D_256/si6_m4D_m256.03/pattern, ./data/si/si6_m4D_m4D_256/si6_m4D_m256.03/target, 103, 12509013, 6271294, 2066119, 20.001375, 1.179162, 20000, 1179
./data/si/si4_m4D_m4Dr4_256/si4_m4Dr4_m256.02/pattern, ./data/si/si4_m4D_m4Dr4_256/si4_m4Dr4_m256.02/target, 69, 18678854, 13325498, 8602735, 20.001326, 9.861612, 20000, 9861
./data/si/si4_m4D_m4Dr4_625/si4_m4Dr4_m625.07/pattern, ./data/si/si4_m4D_m4Dr4_625/si4_m4Dr4_m625.07/target, 159, 15448156, 12574179, 9711579, 20.004659, 0.220166, 20004, 220
./data/si/si4_rand_r005_200/si4_r005_m200.07/pattern, ./data/si/si4_rand_r005_200/si4_r005_m200.07/target, 42, 18200749, 11590825, 8043198, 20.001111, 14.497606, 20000, 14497
./data/si/si4_m4D_m4D_1296/si4_m4D_m1296.04/pattern, ./data/si/si4_m4D_m4D_1296/si4_m4D_m1296.04/target, 299, 8029668, 5179749, 3074964, 20.015809, 5.811649, 20015, 5811
./data/si/si6_bvg_b06m_800/si6_b06m_m800.05/pattern, ./data/si/si6_bvg_b06m_800/si6_b06m_m800.05/target, 240, 13587584, 9536516, 7256058, 20.007973, 0.142107, 20007, 142
./data/si/si6_bvg_b03m_800/si6_b03m_m800.01/pattern, ./data/si/si6_bvg_b03m_800/si6_b03m_m800.01/target, 338, 10808156, 7720073, 4518485, 20.023270, 0.302353, 20022, 302
./data/si/si2_bvg_b03m_800/si2_b03m_m800.03/pattern, ./data/si/si2_bvg_b03m_800/si2_b03m_m800.03/target, 126, 8048348, 5642871, 3103597, 20.006632, 0.676225, 20006, 676
./data/si/si6_bvg_b06m_200/si6_b06m_m200.07/pattern, ./data/si/si6_bvg_b06m_200/si6_b06m_m200.07/target, 70, 21763324, 15817750, 10554961, 20.001072, 2.278645, 20000, 2278
./data/si/si6_bvg_b03m_400/si6_b03m_m400.03/pattern, ./data/si/si6_bvg_b03m_400/si6_b03m_m400.03/target, 173, 15124893, 11685827, 8266021, 20.002767, 0.216049, 20002, 216
./data/si/si6_rand_r01_200/si6_r01_m200.02/pattern, ./data/si/si6_rand_r01_200/si6_r01_m200.02/target, 28, 18565967, 10382954, 9377534, 20.001269, 3.156845, 20000, 3156
./data/si/si4_m4D_m4Dr4_1296/si4_m4Dr4_m1296.01/pattern, ./data/si/si4_m4D_m4Dr4_1296/si4_m4Dr4_m1296.01/target, 320, 9583249, 8020453, 6409734, 20.017583, 0.166746, 20017, 166
./data/si/si4_rand_r01_200/si4_r01_m200.05/pattern, ./data/si/si4_rand_r01_200/si4_r01_m200.05/target, 26, 17873490, 10146205, 9094853, 20.001279, 0.191063, 20000, 191
./data/si/si6_m4D_m4Dr6_1296/si6_m4Dr6_m1296.06/pattern, ./data/si/si6_m4D_m4Dr6_1296/si6_m4Dr6_m1296.06/target, 444, 10592001, 7289735, 4044678, 20.018186, 0.127253, 20017, 127
./data/si/si2_rand_r005_200/si2_r005_m200.05/pattern, ./data/si/si2_rand_r005_200/si2_r005_m200.05/target, 32, 15366253, 10402468, 6854130, 20.001061, 6.399502, 20000, 6399
./data/si/si6_m4D_m4Dr6_256/si6_m4Dr6_m256.04/pattern, ./data/si/si6_m4D_m4Dr6_256/si6_m4Dr6_m256.04/target, 85, 21108961, 13514937, 7407204, 20.001416, 1.253692, 20000, 1253
./data/si/si4_rand_r01_400/si4_r01_m400.09/pattern, ./data/si/si4_rand_r01_400/si4_r01_m400.09/target, 32, 16689527, 9048772, 7780382, 20.003346, 8.412526, 20002, 8412
./data/si/si6_bvg_b09m_200/si6_b09m_m200.09/pattern, ./data/si/si6_bvg_b09m_200/si6_b09m_m200.09/target, 70, 19162947, 12798870, 9024529, 20.001052, 19.428043, 20000, 19427
./data/si/si2_m4D_m4Dr6_625/si2_m4Dr6_m625.04/pattern, ./data/si/si2_m4D_m4Dr6_625/si2_m4Dr6_m625.04/target, 81, 12195915, 9763113, 7435573, 20.004244, 0.007976, 20003, 7
./data/si/si4_rand_r005_400/si4_r005_m400.04/pattern, ./data/si/si4_rand_r005_400/si4_r005_m400.04/target, 48, 15585246, 9137752, 6903320, 20.002709, 5.951573, 20002, 5951
